1093
1	108	118	98	128	3.6184	0.01341
2	106	116	96	126	3.6216	0.013423
3	107	117	97	127	3.6313	0.013461
4	105	115	95	125	3.6546	0.013554
5	104	114	94	124	3.7358	0.013876
6	107	116	98	125	3.8017	0.014138
7	102	112	92	122	3.831	0.014254
8	109	118	100	127	3.8639	0.014385
9	103	113	93	123	3.8811	0.014454
10	106	115	97	124	3.8941	0.014506
11	101	111	91	121	3.9837	0.014863
12	105	114	96	123	3.9863	0.014873
13	108	117	99	126	4.0195	0.015006
14	91	101	81	111	4.0224	0.015017
15	100	110	90	120	4.0461	0.015112
16	93	103	83	113	4.075	0.015227
17	92	102	82	112	4.0749	0.015227
18	99	109	89	119	4.1041	0.015344
19	97	107	87	117	4.1187	0.015402
20	98	108	88	118	4.1252	0.015428
21	110	119	101	128	4.126	0.015431
22	103	112	94	121	4.1697	0.015606
23	90	100	80	110	4.1653	0.015589
24	104	113	95	122	4.16	0.015567
25	94	104	84	114	4.164	0.015584
26	95	105	85	115	4.1798	0.015646
27	108	116	100	124	4.1986	0.015722
28	96	106	86	116	4.2185	0.015802
29	88	98	78	108	4.2464	0.015914
30	91	100	82	109	4.24	0.015888
31	106	114	98	122	4.2504	0.015929
32	89	99	79	109	4.2458	0.015911
33	87	97	77	107	4.2636	0.015982
34	102	111	93	120	4.2766	0.016035
35	101	110	92	119	4.2888	0.016083
36	109	117	101	125	4.3194	0.016206
37	107	115	99	123	4.2989	0.016124
38	86	96	76	106	4.3768	0.016437
39	95	104	86	113	4.3944	0.016507
40	85	95	75	105	4.4322	0.016659
41	90	99	81	108	4.4199	0.01661
42	94	103	85	112	4.4459	0.016714
43	110	118	102	126	4.4457	0.016714
44	96	105	87	114	4.4671	0.0168
45	100	109	91	118	4.4495	0.016729
46	105	113	97	121	4.4595	0.016769
47	99	108	90	117	4.4847	0.01687
48	97	106	88	115	4.4812	0.016856
49	79	89	69	99	4.4844	0.016869
50	98	107	89	116	4.4743	0.016829
51	93	102	84	111	4.4853	0.016873
52	89	98	80	107	4.5358	0.017076
53	92	101	83	110	4.538	0.017085
54	104	112	96	120	4.5545	0.017151
55	111	119	103	127	4.5695	0.017212
56	84	94	74	104	4.6188	0.01741
57	78	88	68	98	4.6159	0.017399
58	103	111	95	119	4.6142	0.017392
59	80	90	70	100	4.6443	0.017513
60	59	69	49	79	4.6317	0.017463
61	88	97	79	106	4.6697	0.017616
62	81	91	71	101	4.6707	0.01762
63	77	87	67	97	4.7015	0.017744
64	87	96	78	105	4.7257	0.017842
65	86	95	77	104	4.7414	0.017905
66	76	86	66	96	4.7388	0.017895
67	90	98	82	106	4.7567	0.017967
68	107	114	100	121	4.7513	0.017945
69	82	92	72	102	4.7745	0.018039
70	83	93	73	103	4.7682	0.018014
71	95	103	87	111	4.7671	0.018009
72	102	110	94	118	4.7833	0.018074
73	94	102	86	110	4.7831	0.018074
74	112	120	104	128	4.7989	0.018138
75	96	104	88	112	4.8001	0.018142
76	109	116	102	123	4.8011	0.018146
77	97	105	89	113	4.8014	0.018148
78	93	101	85	109	4.8145	0.018201
79	108	115	101	122	4.8169	0.01821
80	100	108	92	116	4.8486	0.018339
81	101	109	93	117	4.8685	0.018419
82	99	107	91	115	4.8805	0.018467
83	79	88	70	97	4.8812	0.01847
84	85	94	76	103	4.874	0.018441
85	91	99	83	107	4.8887	0.018501
86	98	106	90	114	4.9086	0.018581
87	70	80	60	90	4.9187	0.018622
88	105	112	98	119	4.9572	0.018778
89	75	85	65	95	4.9753	0.018852
90	80	89	71	98	4.973	0.018842
91	110	117	103	124	4.9712	0.018835
92	89	97	81	105	4.9749	0.01885
93	111	118	104	125	4.9897	0.01891
94	84	93	75	102	4.981	0.018875
95	106	113	99	120	4.9933	0.018925
96	78	87	69	96	5.0211	0.019037
97	73	83	63	93	5.0179	0.019024
98	59	68	50	77	5.0515	0.01916
99	72	82	62	92	5.099	0.019353
100	61	71	51	81	5.1404	0.019521
101	92	100	84	108	5.1288	0.019474
102	88	96	80	104	5.1553	0.019582
103	81	90	72	99	5.1452	0.019541
104	76	85	67	94	5.1476	0.019551
105	104	111	97	118	5.1815	0.019688
106	86	94	78	102	5.2122	0.019813
107	77	86	68	95	5.2231	0.019857
108	113	120	106	127	5.2256	0.019868
109	94	101	87	108	5.2304	0.019887
110	96	103	89	110	5.2414	0.019932
111	85	93	77	101	5.2727	0.020059
112	83	92	74	101	5.2661	0.020033
113	87	95	79	103	5.2534	0.019981
114	95	102	88	109	5.2851	0.02011
115	103	110	96	117	5.2841	0.020106
116	97	104	90	111	5.3111	0.020216
117	65	75	55	85	5.3148	0.020231
118	71	81	61	91	5.3329	0.020304
119	84	92	76	100	5.3477	0.020365
120	93	100	86	107	5.3614	0.020421
121	99	106	92	113	5.3523	0.020383
122	74	82	66	90	5.3667	0.020442
123	75	84	66	93	5.384	0.020513
124	68	78	58	88	5.379	0.020492
125	67	77	57	87	5.4465	0.020767
126	74	83	65	92	5.4063	0.020603
127	79	87	71	95	5.417	0.020647
128	102	109	95	116	5.4097	0.020617
129	59	67	51	75	5.4333	0.020713
130	100	107	93	114	5.4458	0.020764
131	98	105	91	112	5.4716	0.02087
132	101	108	94	115	5.4813	0.020909
133	89	96	82	103	5.4858	0.020928
134	69	78	60	87	5.5005	0.020988
135	112	119	105	126	5.5115	0.021032
136	66	76	56	86	5.5112	0.021031
137	62	72	52	82	5.512	0.021034
138	109	115	103	121	5.5243	0.021085
139	110	116	104	122	5.5609	0.021234
140	63	73	53	83	5.5912	0.021358
141	82	91	73	100	5.6067	0.021421
142	80	88	72	96	5.607	0.021422
143	61	70	52	79	5.6394	0.021555
144	108	114	102	120	5.6682	0.021673
145	88	95	81	102	5.6563	0.021624
146	62	71	53	80	5.6579	0.02163
147	106	112	100	118	5.6881	0.021754
148	63	72	54	81	5.6865	0.021748
149	92	99	85	106	5.7054	0.021825
150	91	98	84	105	5.7008	0.021806
151	78	86	70	94	5.7139	0.02186
152	72	81	63	90	5.7144	0.021862
153	85	92	78	99	5.7181	0.021877
154	107	113	101	119	5.7257	0.021908
155	75	83	67	91	5.7338	0.021941
156	87	94	80	101	5.7333	0.021939
157	90	97	83	104	5.8108	0.022256
158	114	121	107	128	5.8112	0.022258
159	105	111	99	117	5.7984	0.022206
160	71	80	62	89	5.8272	0.022323
161	77	85	69	93	5.8417	0.022383
162	83	91	75	99	5.8801	0.02254
163	69	79	59	89	5.9475	0.022817
164	57	67	47	77	5.9017	0.022629
165	56	66	46	76	5.9087	0.022658
166	76	84	68	92	5.9187	0.022699
167	86	93	79	100	5.9333	0.022759
168	50	60	40	70	5.9624	0.022878
169	98	104	92	110	5.9667	0.022896
170	112	118	106	124	5.9654	0.02289
171	67	76	58	85	5.9713	0.022915
172	75	82	68	89	5.9869	0.022979
173	66	75	57	84	5.9837	0.022965
174	94	100	88	106	5.9908	0.022995
175	113	119	107	125	6.0092	0.02307
176	81	89	73	97	6.0036	0.023047
177	84	91	77	98	6.0167	0.023101
178	95	101	89	107	6.0357	0.023179
179	61	69	53	77	6.0839	0.023377
180	111	117	105	123	6.0376	0.023187
181	58	68	48	78	6.0587	0.023273
182	70	79	61	88	6.0451	0.023217
183	97	103	91	109	6.0492	0.023234
184	73	81	65	89	6.0684	0.023313
185	96	102	90	108	6.0673	0.023309
186	101	107	95	113	6.1028	0.023455
187	93	99	87	105	6.1168	0.023512
188	104	110	98	116	6.1224	0.023535
189	74	81	67	88	6.1535	0.023663
190	103	109	97	115	6.1563	0.023675
191	102	108	96	114	6.1709	0.023735
192	65	74	56	83	6.187	0.023801
193	63	71	55	79	6.1928	0.023825
194	62	70	54	78	6.1983	0.023847
195	55	65	45	75	6.2097	0.023894
196	99	105	93	111	6.257	0.024089
197	68	76	60	84	6.2357	0.024001
198	100	106	94	112	6.2495	0.024058
199	88	94	82	100	6.3091	0.024304
200	86	92	80	98	6.3271	0.024378
201	58	67	49	76	6.4111	0.024724
202	79	86	72	93	6.3831	0.024609
203	54	64	44	74	6.3892	0.024634
204	114	120	108	126	6.4005	0.02468
205	115	121	109	127	6.4151	0.02474
206	53	63	43	73	6.4254	0.024783
207	70	78	62	86	6.4265	0.024788
208	59	66	52	73	6.4494	0.024882
209	91	97	85	103	6.4551	0.024906
210	76	83	69	90	6.4594	0.024924
211	60	70	50	80	6.4937	0.025065
212	68	77	59	86	6.5282	0.025207
213	82	90	74	98	6.5401	0.025257
214	87	93	81	99	6.5349	0.025235
215	52	62	42	72	6.5929	0.025475
216	92	98	86	104	6.5692	0.025377
217	65	73	57	81	6.5808	0.025425
218	83	90	76	97	6.6102	0.025546
219	65	72	58	79	6.5966	0.02549
220	69	77	61	85	6.6331	0.025641
221	48	58	38	68	6.6189	0.025582
222	57	66	48	75	6.6533	0.025724
223	71	79	63	87	6.6552	0.025732
224	51	60	42	69	6.6852	0.025856
225	44	54	34	64	6.7042	0.025935
226	61	68	54	75	6.6749	0.025813
227	109	114	104	119	6.7442	0.026101
228	89	95	83	101	6.7176	0.02599
229	55	64	46	73	6.7154	0.025981
230	78	85	71	92	6.7406	0.026086
231	116	122	110	128	6.7337	0.026057
232	107	112	102	117	6.7409	0.026087
233	111	116	106	121	6.7465	0.02611
234	73	80	66	87	6.7862	0.026274
235	56	65	47	74	6.7878	0.026281
236	52	60	44	68	6.7982	0.026324
237	90	96	84	102	6.7956	0.026313
238	80	87	73	94	6.8462	0.026523
239	76	82	70	88	6.8429	0.026509
240	110	115	105	120	6.8568	0.026567
241	84	90	78	96	6.8662	0.026606
242	77	84	70	91	6.8896	0.026703
243	51	61	41	71	6.8999	0.026745
244	45	55	35	65	6.9013	0.026751
245	85	91	79	97	6.8975	0.026735
246	39	49	29	59	6.9131	0.0268
247	106	111	101	116	6.9015	0.026752
248	113	118	108	123	6.9389	0.026907
249	108	113	103	118	6.931	0.026874
250	47	57	37	67	6.9993	0.027158
251	115	120	110	125	7.0582	0.027402
252	62	69	55	76	7.0971	0.027564
253	46	56	36	66	7.1488	0.027779
254	93	98	88	103	7.1314	0.027706
255	100	105	95	110	7.1456	0.027765
256	43	53	33	63	7.1885	0.027944
257	99	104	94	109	7.1442	0.02776
258	97	102	92	107	7.1466	0.027769
259	49	58	40	67	7.1768	0.027895
260	60	69	51	78	7.1761	0.027892
261	81	88	74	95	7.1846	0.027927
262	87	92	82	97	7.1745	0.027886
263	105	110	100	115	7.1741	0.027884
264	53	62	44	71	7.1831	0.027921
265	48	57	39	66	7.249	0.028195
266	94	99	89	104	7.2002	0.027992
267	74	80	68	86	7.2176	0.028064
268	75	81	69	87	7.2192	0.028071
269	96	101	91	106	7.2398	0.028157
270	102	107	97	112	7.252	0.028208
271	98	103	93	108	7.2553	0.028222
272	112	117	107	122	7.2573	0.02823
273	54	63	45	72	7.2825	0.028335
274	117	122	112	127	7.2834	0.028338
275	58	66	50	74	7.2911	0.028371
276	70	77	63	84	7.3062	0.028433
277	103	108	98	113	7.3041	0.028424
278	66	74	58	82	7.3379	0.028565
279	52	61	43	70	7.3296	0.02853
280	82	89	75	96	7.362	0.028666
281	101	106	96	111	7.3525	0.028626
282	95	100	90	105	7.3952	0.028804
283	42	52	32	62	7.4191	0.028904
284	63	70	56	77	7.413	0.028878
285	104	109	99	114	7.4115	0.028872
286	114	119	109	124	7.4641	0.029091
287	44	53	35	62	7.472	0.029124
288	91	96	86	101	7.4727	0.029127
289	83	89	77	95	7.4913	0.029205
290	57	65	49	73	7.566	0.029516
291	31	41	21	51	7.5409	0.029411
292	41	51	31	61	7.5592	0.029488
293	92	97	87	102	7.5833	0.029588
294	66	72	60	78	7.6061	0.029683
295	59	64	54	69	7.608	0.029691
296	47	56	38	65	7.6601	0.029909
297	53	60	46	67	7.6441	0.029842
298	49	59	39	69	7.7645	0.030345
299	45	54	36	63	7.6758	0.029974
300	56	64	48	72	7.7117	0.030124
301	37	47	27	57	7.767	0.030355
302	67	74	60	81	7.7386	0.030237
303	24	34	14	44	7.7268	0.030187
304	38	48	28	58	7.7526	0.030295
305	86	91	81	96	7.7375	0.030232
306	43	52	34	61	7.7653	0.030348
307	59	65	53	71	7.7682	0.03036
308	30	40	20	50	7.7911	0.030456
309	67	75	59	83	7.7979	0.030485
310	85	90	80	95	7.8218	0.030585
311	72	79	65	86	7.8806	0.03083
312	55	63	47	71	7.8894	0.030867
313	90	95	85	100	7.9211	0.031
314	36	46	26	56	7.9359	0.031062
315	41	50	32	59	7.934	0.031054
316	25	35	15	45	7.9355	0.03106
317	118	123	113	128	7.9441	0.031096
318	32	42	22	52	7.9566	0.031149
319	77	83	71	89	7.933	0.03105
320	43	51	35	59	7.9602	0.031164
321	69	76	62	83	8.0254	0.031437
322	49	57	41	65	8.0547	0.031559
323	23	33	13	43	8.0474	0.031529
324	116	121	111	126	8.0371	0.031486
325	61	67	55	73	8.0822	0.031675
326	48	56	40	64	8.0644	0.0316
327	53	61	45	69	8.1294	0.031873
328	46	55	37	64	8.1169	0.03182
329	29	39	19	49	8.1716	0.03205
330	33	43	23	53	8.1712	0.032048
331	35	45	25	55	8.1728	0.032055
332	73	79	67	85	8.1811	0.03209
333	40	50	30	60	8.2241	0.03227
334	63	69	57	75	8.2446	0.032356
335	54	62	46	70	8.2546	0.032398
336	37	46	28	55	8.2476	0.032369
337	79	85	73	91	8.2393	0.032334
338	50	58	42	66	8.3004	0.03259
339	62	68	56	74	8.3054	0.032611
340	57	64	50	71	8.3277	0.032705
341	89	94	84	99	8.3284	0.032708
342	65	70	60	75	8.3481	0.032791
343	81	87	75	93	8.3755	0.032906
344	110	114	106	118	8.3794	0.032922
345	88	93	83	98	8.361	0.032845
346	60	68	52	76	8.4131	0.033064
347	84	89	79	94	8.4284	0.033128
348	18	28	8	38	8.423	0.033105
349	50	59	41	68	8.455	0.03324
350	56	63	49	70	8.4429	0.033189
351	31	40	22	49	8.4567	0.033247
352	111	115	107	119	8.4438	0.033193
353	78	84	72	90	8.4578	0.033251
354	34	44	24	54	8.4923	0.033397
355	108	112	104	116	8.4648	0.033281
356	27	37	17	47	8.4706	0.033306
357	38	47	29	56	8.4703	0.033304
358	26	36	16	46	8.5433	0.033611
359	107	111	103	115	8.5201	0.033514
360	28	38	18	48	8.5652	0.033703
361	109	113	105	117	8.5691	0.03372
362	39	48	30	57	8.6246	0.033954
363	47	55	39	63	8.6321	0.033985
364	113	117	109	121	8.6436	0.034033
365	68	75	61	82	8.6685	0.034138
366	82	88	76	94	8.6626	0.034114
367	76	81	71	86	8.6891	0.034225
368	22	32	12	42	8.7272	0.034386
369	112	116	108	120	8.7377	0.03443
370	114	118	110	122	8.7767	0.034594
371	40	49	31	58	8.7855	0.034632
372	66	73	59	80	8.7767	0.034594
373	100	104	96	108	8.7843	0.034626
374	30	39	21	48	8.7847	0.034628
375	46	54	38	62	8.8445	0.03488
376	32	41	23	50	8.8609	0.034949
377	94	98	90	102	8.8776	0.03502
378	19	29	9	39	8.8792	0.035027
379	26	35	17	44	8.8919	0.03508
380	42	51	33	60	8.9252	0.035221
381	80	86	74	92	8.9068	0.035143
382	106	110	102	114	8.9185	0.035192
383	36	45	27	54	8.9262	0.035225
384	93	97	89	101	8.9628	0.035379
385	119	123	115	127	8.9985	0.03553
386	99	103	95	107	8.9846	0.035471
387	72	78	66	84	9.0075	0.035568
388	101	105	97	109	8.9787	0.035447
389	102	106	98	110	8.9866	0.03548
390	33	42	24	51	8.9868	0.035481
391	23	32	14	41	8.9934	0.035509
392	47	54	40	61	9.0258	0.035646
393	116	120	112	124	9.0007	0.035539
394	25	34	16	43	9.0375	0.035695
395	48	55	41	62	9.0233	0.035635
396	65	71	59	77	9.0447	0.035725
397	16	26	6	36	9.0848	0.035895
398	20	30	10	40	9.0616	0.035797
399	83	88	78	93	9.0682	0.035825
400	105	109	101	113	9.0739	0.035849
401	17	27	7	37	9.0937	0.035933
402	55	62	48	69	9.1644	0.036231
403	34	43	25	52	9.1758	0.036279
404	103	107	99	111	9.1375	0.036117
405	45	53	37	61	9.1668	0.036241
406	51	58	44	65	9.1843	0.036315
407	42	50	34	58	9.2141	0.036442
408	75	80	70	85	9.1892	0.036336
409	96	100	92	104	9.1928	0.036351
410	11	21	1	31	9.243	0.036564
411	77	82	72	87	9.2004	0.036383
412	35	44	26	53	9.2275	0.036498
413	115	119	111	123	9.2073	0.036412
414	24	33	15	42	9.2443	0.036569
415	98	102	94	106	9.2383	0.036544
416	58	65	51	72	9.271	0.036682
417	91	95	87	99	9.2632	0.036649
418	21	31	11	41	9.313	0.03686
419	86	90	82	94	9.3044	0.036824
420	117	121	113	125	9.3487	0.037011
421	37	45	29	53	9.375	0.037122
422	29	38	20	47	9.388	0.037177
423	95	99	91	103	9.409	0.037267
424	27	36	18	45	9.427	0.037343
425	67	73	61	79	9.4608	0.037486
426	97	101	93	105	9.4722	0.037534
427	18	27	9	36	9.477	0.037555
428	60	67	53	74	9.4803	0.037569
429	33	41	25	49	9.4951	0.037631
430	12	22	2	32	9.5078	0.037685
431	71	77	65	83	9.5091	0.037691
432	69	75	63	81	9.5775	0.037981
433	104	108	100	112	9.5315	0.037786
434	92	96	88	100	9.5392	0.037818
435	32	40	24	48	9.532	0.037788
436	54	60	48	66	9.5689	0.037944
437	55	60	50	65	9.5874	0.038023
438	28	37	19	46	9.626	0.038186
439	74	79	69	84	9.6643	0.038349
440	39	47	31	55	9.674	0.03839
441	38	46	30	54	9.6856	0.038439
442	15	25	5	35	9.6818	0.038423
443	19	28	10	37	9.6994	0.038498
444	20	29	11	38	9.7063	0.038527
445	13	23	3	33	9.7479	0.038704
446	14	24	4	34	9.8245	0.039029
447	57	63	51	69	9.8171	0.038998
448	27	35	19	43	9.7942	0.038901
449	21	30	12	39	9.8452	0.039117
450	85	89	81	93	9.8337	0.039068
451	50	57	43	64	9.9166	0.039421
452	22	31	13	40	9.8841	0.039283
453	36	44	28	52	9.9269	0.039464
454	59	63	55	67	9.9158	0.039417
455	51	59	43	67	9.9336	0.039493
456	41	49	33	57	9.9772	0.039679
457	17	26	8	35	9.9911	0.039737
458	16	25	7	34	9.9916	0.03974
459	68	74	62	80	9.9813	0.039696
460	54	61	47	68	9.9894	0.03973
461	12	21	3	30	10.034	0.039921
462	118	122	114	126	9.9856	0.039714
463	56	62	50	68	10.007	0.039805
464	23	31	15	39	10.123	0.040297
465	90	94	86	98	10.074	0.040092
466	66	71	61	76	10.09	0.04016
467	63	68	58	73	10.1	0.040203
468	49	56	42	63	10.11	0.040243
469	52	58	46	64	10.115	0.040264
470	13	22	4	31	10.144	0.040387
471	40	48	32	56	10.142	0.040382
472	44	52	36	60	10.195	0.040606
473	120	124	116	128	10.225	0.040732
474	58	64	52	70	10.256	0.040867
475	15	24	6	33	10.309	0.04109
476	52	59	45	66	10.402	0.041489
477	45	52	38	59	10.448	0.041683
478	61	66	56	71	10.457	0.041723
479	31	39	23	47	10.461	0.041739
480	28	36	20	44	10.497	0.041892
481	42	49	35	56	10.474	0.041794
482	81	86	76	91	10.483	0.041832
483	26	34	18	42	10.509	0.041947
484	18	26	10	34	10.525	0.042014
485	34	42	26	50	10.581	0.042251
486	43	50	36	57	10.579	0.042242
487	17	25	9	33	10.602	0.042342
488	73	78	68	83	10.6	0.042332
489	84	88	80	92	10.66	0.042588
490	88	92	84	96	10.623	0.042433
491	89	93	85	97	10.671	0.042638
492	11	20	2	29	10.671	0.042636
493	47	53	41	59	10.703	0.042774
494	22	30	14	38	10.712	0.042812
495	20	28	12	36	10.758	0.043007
496	16	24	8	32	10.76	0.043015
497	82	87	77	92	10.742	0.042939
498	55	61	49	67	10.753	0.042988
499	39	46	32	53	10.768	0.043052
500	38	45	31	52	10.774	0.043075
501	29	37	21	45	10.792	0.043153
502	62	67	57	72	10.819	0.043268
503	10	19	1	28	10.808	0.043222
504	113	116	110	119	10.821	0.04328
505	33	40	26	47	10.808	0.043222
506	35	43	27	51	10.819	0.043271
507	24	32	16	40	10.85	0.0434
508	44	51	37	58	10.88	0.04353
509	14	23	5	32	10.919	0.043697
510	30	38	22	46	10.878	0.04352
511	67	72	62	77	10.89	0.043571
512	80	85	75	90	10.911	0.043661
513	109	112	106	115	10.989	0.043997
514	78	83	73	88	10.973	0.04393
515	51	57	45	63	11.096	0.044455
516	25	33	17	41	11.094	0.044449
517	21	29	13	37	11.109	0.04451
518	79	84	74	89	11.15	0.044686
519	87	91	83	95	11.178	0.044805
520	111	114	108	117	11.267	0.045187
521	115	118	112	121	11.327	0.045445
522	34	41	27	48	11.35	0.045546
523	13	21	5	29	11.401	0.045762
524	19	27	11	35	11.464	0.046032
525	107	110	104	113	11.526	0.046299
526	108	111	105	114	11.562	0.046455
527	49	55	43	61	11.654	0.046852
528	14	22	6	30	11.692	0.047014
529	37	44	30	51	11.693	0.04702
530	110	113	107	116	11.725	0.047154
531	50	56	44	62	11.729	0.047172
532	117	120	114	123	11.755	0.047283
533	11	19	3	27	11.792	0.047443
534	28	35	21	42	11.798	0.047471
535	18	25	11	32	11.8	0.047477
536	68	73	63	78	11.816	0.047547
537	119	122	116	125	11.812	0.04753
538	41	48	34	55	11.851	0.047697
539	15	23	7	31	11.89	0.047867
540	60	66	54	72	11.909	0.047947
541	112	115	109	118	11.899	0.047904
542	12	20	4	28	11.991	0.048302
543	59	62	56	65	12.036	0.048496
544	102	105	99	108	12.019	0.048423
545	100	103	97	106	12.036	0.048493
546	46	53	39	60	12.067	0.048629
547	70	75	65	80	12.147	0.048973
548	106	109	103	112	12.092	0.048736
549	23	30	16	37	12.111	0.048817
550	32	39	25	46	12.095	0.04875
551	101	104	98	107	12.128	0.048893
552	71	76	66	81	12.152	0.048994
553	72	77	67	82	12.197	0.049189
554	121	124	118	127	12.199	0.049199
555	40	47	33	54	12.201	0.049206
556	19	26	12	33	12.238	0.049367
557	27	34	20	41	12.243	0.049385
558	31	38	24	45	12.266	0.049489
559	29	36	22	43	12.273	0.049516
560	58	63	53	68	12.265	0.049484
561	104	107	101	110	12.31	0.049675
562	56	60	52	64	12.364	0.04991
563	35	42	28	49	12.342	0.049815
564	24	31	17	38	12.357	0.049879
565	25	32	18	39	12.378	0.049968
566	36	43	29	50	12.42	0.050153
567	103	106	100	109	12.468	0.050358
568	57	62	52	67	12.524	0.0506
569	17	24	10	31	12.483	0.050422
570	83	87	79	91	12.545	0.050693
571	49	54	44	59	12.558	0.050749
572	105	108	102	111	12.588	0.050879
573	56	61	51	66	12.607	0.050961
574	20	27	13	34	12.673	0.051246
575	26	33	19	40	12.674	0.051247
576	53	59	47	65	12.73	0.05149
577	21	28	14	35	12.737	0.051521
578	48	54	42	60	12.723	0.051459
579	65	69	61	73	12.834	0.051942
580	114	117	111	120	12.796	0.051776
581	44	50	38	56	12.824	0.051896
582	52	57	47	62	12.946	0.052426
583	53	58	48	63	12.863	0.052067
584	95	98	92	101	12.917	0.052302
585	30	37	23	44	12.907	0.052258
586	16	23	9	30	12.923	0.052325
587	99	102	96	105	12.982	0.052583
588	94	97	91	100	12.999	0.052654
589	66	70	62	74	13.056	0.052903
590	98	101	95	104	13.066	0.052944
591	10	18	2	26	13.109	0.053131
592	118	121	115	124	13.151	0.053315
593	62	66	58	70	13.149	0.053308
594	22	29	15	36	13.138	0.05326
595	45	51	39	57	13.222	0.053621
596	57	60	54	63	13.234	0.053676
597	15	22	8	29	13.278	0.053867
598	97	100	94	103	13.311	0.054007
599	40	46	34	52	13.338	0.054127
600	93	96	90	99	13.363	0.054233
601	14	21	7	28	13.371	0.054271
602	9	17	1	25	13.411	0.054442
603	39	45	33	51	13.417	0.054467
604	116	119	113	122	13.473	0.054714
605	43	49	37	55	13.475	0.054721
606	76	80	72	84	13.501	0.054833
607	46	52	40	58	13.491	0.054791
608	81	85	77	89	13.595	0.055243
609	96	99	93	102	13.546	0.055031
610	85	88	82	91	13.623	0.055366
611	38	44	32	50	13.782	0.056055
612	13	20	6	27	13.802	0.056144
613	12	19	5	26	13.794	0.05611
614	91	94	88	97	13.881	0.056486
615	67	71	63	75	13.929	0.056695
616	79	83	75	87	13.906	0.056594
617	78	82	74	86	13.951	0.056792
618	34	40	28	46	13.964	0.056849
619	41	47	35	53	13.972	0.056883
620	61	65	57	69	14.204	0.057892
621	32	38	26	44	14.062	0.057274
622	33	39	27	45	14.042	0.057187
623	120	123	117	126	14.155	0.057678
624	51	56	46	61	14.155	0.057679
625	73	77	69	81	14.208	0.057912
626	20	26	14	32	14.27	0.058179
627	77	81	73	85	14.33	0.05844
628	74	78	70	82	14.371	0.058622
629	89	92	86	95	14.486	0.059125
630	31	37	25	43	14.445	0.058945
631	82	86	78	90	14.502	0.059191
632	18	24	12	30	14.452	0.058974
633	42	48	36	54	14.48	0.059098
634	37	43	31	49	14.475	0.059077
635	23	29	17	35	14.636	0.059778
636	25	31	19	37	14.698	0.060047
637	30	36	24	42	14.68	0.05997
638	35	41	29	47	14.742	0.06024
639	80	84	76	88	14.762	0.060328
640	27	33	21	39	14.78	0.060408
641	10	17	3	24	14.783	0.060421
642	75	79	71	83	14.893	0.060903
643	15	21	9	27	14.877	0.060831
644	36	42	30	48	14.866	0.060782
645	26	32	20	38	14.887	0.060876
646	19	25	13	31	14.91	0.060976
647	11	18	4	25	15.006	0.061396
648	48	53	43	58	15.014	0.061433
649	92	95	89	98	15.102	0.061814
650	122	125	119	128	15.202	0.062254
651	84	87	81	90	15.316	0.062755
652	29	35	23	41	15.353	0.062914
653	58	62	54	66	15.414	0.063181
654	90	93	87	96	15.407	0.063154
655	57	61	53	65	15.411	0.063172
656	21	27	15	33	15.392	0.063085
657	28	34	22	40	15.409	0.063161
658	16	22	10	28	15.503	0.063573
659	24	30	18	36	15.683	0.064361
660	53	57	49	61	15.959	0.065573
661	22	28	16	34	15.866	0.065166
662	71	75	67	79	15.928	0.06544
663	8	15	1	22	15.949	0.065529
664	63	66	60	69	16.372	0.06739
665	88	91	85	94	16.053	0.065991
666	45	50	40	55	16.127	0.066312
667	23	28	18	33	16.197	0.066624
668	13	19	7	25	16.172	0.066511
669	14	20	8	26	16.283	0.066999
670	9	16	2	23	16.305	0.067095
671	46	51	41	56	16.322	0.067171
672	79	82	76	85	16.412	0.06757
673	44	49	39	54	16.391	0.067477
674	61	64	58	67	16.673	0.068717
675	109	111	107	113	16.764	0.06912
676	54	58	50	62	16.885	0.069653
677	60	65	55	70	16.89	0.069676
678	17	23	11	29	16.883	0.069645
679	72	76	68	80	16.912	0.069773
680	87	90	84	93	16.968	0.07002
681	40	45	35	50	17.014	0.070222
682	39	44	34	49	17.162	0.070874
683	47	52	42	57	17.2	0.071044
684	113	115	111	117	17.286	0.071423
685	33	38	28	43	17.305	0.071508
686	30	35	25	40	17.511	0.072419
687	51	55	47	59	17.663	0.073093
688	83	86	80	89	17.668	0.073111
689	69	73	65	77	17.78	0.07361
690	107	109	105	111	17.737	0.073417
691	65	68	62	71	17.785	0.073631
692	108	110	106	112	17.8	0.073696
693	70	74	66	78	17.842	0.073882
694	54	59	49	64	17.852	0.073927
695	29	34	24	39	17.84	0.073873
696	124	126	122	128	17.855	0.073942
697	106	108	104	110	17.874	0.074026
698	16	21	11	26	18.006	0.074612
699	31	36	26	41	18.002	0.074592
700	50	55	45	60	18.006	0.07461
701	38	43	33	48	18.037	0.074749
702	110	112	108	114	18.127	0.075144
703	43	48	38	53	18.137	0.075191
704	11	17	5	23	18.185	0.075403
705	24	29	19	34	18.207	0.075501
706	86	89	83	92	18.284	0.075843
707	121	123	119	125	18.25	0.075691
708	12	18	6	24	18.278	0.075818
709	105	107	103	109	18.268	0.075772
710	42	47	37	52	18.331	0.076051
711	112	114	110	116	18.469	0.076662
712	102	104	100	106	18.608	0.077281
713	118	120	116	122	18.631	0.077381
714	32	37	27	42	18.685	0.077625
715	103	105	101	107	18.779	0.078042
716	114	116	112	118	18.905	0.078601
717	37	42	32	47	18.91	0.078625
718	111	113	109	115	19.014	0.079086
719	34	39	29	44	19.026	0.07914
720	117	119	115	121	19.065	0.079315
721	116	118	114	120	19.067	0.079321
722	50	54	46	58	19.104	0.079484
723	63	67	59	71	19.218	0.079992
724	35	40	30	45	19.239	0.080085
725	14	19	9	24	19.275	0.080246
726	104	106	102	108	19.325	0.080472
727	41	46	36	51	19.335	0.080516
728	49	53	45	57	19.367	0.080659
729	22	27	17	32	19.469	0.08111
730	8	14	2	20	19.882	0.082954
731	120	122	118	124	19.546	0.081454
732	27	32	22	37	19.594	0.081671
733	25	30	20	35	19.693	0.082111
734	36	41	31	46	19.734	0.082294
735	17	22	12	27	19.722	0.082238
736	115	117	113	119	19.893	0.083001
737	101	103	99	105	19.922	0.083132
738	20	25	15	30	20.126	0.084041
739	19	24	14	29	20.197	0.084358
740	26	31	21	36	20.328	0.084944
741	15	20	10	25	20.5	0.085714
742	9	15	3	21	20.367	0.08512
743	10	16	4	22	20.437	0.085432
744	18	23	13	28	20.435	0.085423
745	31	35	27	39	20.592	0.086125
746	119	121	117	123	20.447	0.085478
747	78	81	75	84	20.495	0.085691
748	48	52	44	56	20.563	0.085994
749	53	56	50	59	20.696	0.086589
750	100	102	98	104	20.701	0.086613
751	7	13	1	19	20.93	0.087637
752	80	83	77	86	20.818	0.087136
753	21	26	16	31	21.273	0.089177
754	81	84	78	87	21.371	0.089616
755	44	48	40	52	21.593	0.09061
756	23	27	19	31	21.658	0.090903
757	99	101	97	103	21.621	0.090737
758	28	33	23	38	21.822	0.091638
759	24	28	20	32	21.926	0.092107
760	13	18	8	23	22.15	0.093111
761	98	100	96	102	22.156	0.093141
762	47	51	43	55	22.341	0.093973
763	123	125	121	127	22.38	0.094149
764	45	49	41	53	22.536	0.094851
765	66	69	63	72	22.873	0.096368
766	55	58	52	61	22.914	0.09655
767	25	29	21	33	23.021	0.097035
768	122	124	120	126	23.066	0.097239
769	74	77	71	80	23.101	0.097396
770	97	99	95	101	23.429	0.098875
771	30	34	26	38	23.657	0.099905
772	32	36	28	40	23.612	0.099701
773	55	59	51	63	23.692	0.10006
774	82	85	79	88	23.725	0.10021
775	8	13	3	18	23.814	0.10061
776	62	64	60	66	23.82	0.10064
777	125	126	124	127	23.912	0.10105
778	60	64	56	68	24.042	0.10165
779	18	22	14	26	24.068	0.10176
780	94	96	92	98	24.161	0.10218
781	39	43	35	47	24.193	0.10233
782	96	98	94	100	24.452	0.1035
783	16	20	12	24	24.573	0.10405
784	43	47	39	51	24.696	0.1046
785	12	17	7	22	24.652	0.1044
786	17	21	13	25	24.949	0.10575
787	73	76	70	79	24.92	0.10562
788	42	46	38	50	24.968	0.10584
789	68	71	65	74	25.108	0.10647
790	77	80	74	83	25.228	0.10702
791	46	50	42	54	25.27	0.10721
792	70	73	67	76	25.374	0.10768
793	40	44	36	48	25.793	0.10958
794	10	15	5	20	25.907	0.1101
795	52	56	48	60	26.056	0.11077
796	36	40	32	44	26.26	0.1117
797	9	14	4	19	26.51	0.11284
798	37	41	33	45	26.768	0.11402
799	90	92	88	94	26.904	0.11464
800	15	19	11	23	27.533	0.11751
801	75	78	72	81	27.05	0.1153
802	38	42	34	46	27.084	0.11546
803	69	72	66	75	27.542	0.11755
804	33	37	29	41	27.462	0.11718
805	7	12	2	17	27.676	0.11816
806	41	45	37	49	27.563	0.11764
807	22	26	18	30	27.965	0.11948
808	76	79	73	82	28.145	0.1203
809	119	120	118	121	28.127	0.12022
810	11	16	6	21	28.359	0.12128
811	26	30	22	34	28.337	0.12118
812	84	86	82	88	28.336	0.12118
813	48	51	45	54	28.415	0.12154
814	72	75	69	78	28.645	0.12259
815	93	95	91	97	28.553	0.12217
816	29	33	25	37	28.619	0.12247
817	95	97	93	99	28.943	0.12396
818	51	54	48	57	29	0.12421
819	71	74	68	77	28.998	0.12421
820	34	38	30	42	29.291	0.12555
821	55	57	53	59	29.417	0.12612
822	117	118	116	119	29.583	0.12689
823	50	53	47	56	29.812	0.12794
824	35	39	31	43	29.847	0.1281
825	89	91	87	93	29.887	0.12828
826	52	55	49	58	30.056	0.12906
827	21	25	17	29	30.017	0.12888
828	28	32	24	36	30.469	0.13096
829	79	81	77	83	30.845	0.13268
830	59	61	57	63	30.984	0.13332
831	20	24	16	28	31.181	0.13423
832	65	67	63	69	31.635	0.13632
833	27	31	23	35	31.768	0.13693
834	19	23	15	27	31.815	0.13715
835	47	50	44	53	31.829	0.13722
836	91	93	89	95	31.888	0.13749
837	87	89	85	91	31.86	0.13736
838	58	61	55	64	31.911	0.1376
839	23	26	20	29	32.355	0.13964
840	80	82	78	84	32.523	0.14042
841	13	17	9	21	32.691	0.14119
842	49	52	46	55	32.771	0.14157
843	42	45	39	48	32.845	0.14191
844	92	94	90	96	32.973	0.1425
845	18	21	15	24	33.03	0.14276
846	115	116	114	117	33.289	0.14396
847	25	28	22	31	33.35	0.14424
848	121	122	120	123	33.304	0.14403
849	88	90	86	92	33.281	0.14392
850	43	46	40	49	33.531	0.14508
851	113	114	112	115	33.882	0.1467
852	44	47	41	50	33.841	0.14651
853	14	18	10	22	34.11	0.14776
854	58	60	56	62	34.248	0.1484
855	10	14	6	18	34.494	0.14954
856	83	85	81	87	34.62	0.15012
857	38	41	35	44	34.683	0.15042
858	33	36	30	39	34.801	0.15096
859	106	107	105	108	35.464	0.15404
860	108	109	107	110	35.633	0.15483
861	24	27	21	30	35.721	0.15523
862	111	112	110	113	35.969	0.15639
863	86	88	84	90	36.052	0.15678
864	107	108	106	109	36.098	0.15699
865	12	16	8	20	36.333	0.15808
866	46	49	43	52	36.41	0.15844
867	11	15	7	19	36.701	0.1598
868	8	12	4	16	37.202	0.16213
869	105	106	104	107	36.653	0.15957
870	110	111	109	112	37.031	0.16133
871	16	19	13	22	37.188	0.16207
872	27	30	24	33	37.495	0.1635
873	109	110	108	111	37.489	0.16347
874	31	34	28	37	37.631	0.16413
875	62	65	59	68	37.948	0.16561
876	17	20	14	23	38.107	0.16635
877	104	105	103	106	38.08	0.16623
878	85	87	83	89	38.122	0.16642
879	122	123	121	124	38.383	0.16764
880	32	35	29	38	38.569	0.16851
881	102	103	101	104	39.351	0.17217
882	22	25	19	28	39.566	0.17318
883	7	11	3	15	40.253	0.17639
884	37	40	34	43	39.721	0.1739
885	60	63	57	66	39.968	0.17506
886	39	42	36	45	40.061	0.17549
887	123	124	122	125	40.139	0.17586
888	9	13	5	17	40.192	0.1761
889	103	104	102	105	40.495	0.17753
890	56	59	53	62	41.436	0.18194
891	78	80	76	82	42.37	0.18633
892	45	48	42	51	42.607	0.18745
893	26	29	23	32	43.022	0.1894
894	100	101	99	102	43.1	0.18977
895	54	57	51	60	43.525	0.19177
896	116	117	115	118	43.714	0.19266
897	41	44	38	47	44.674	0.19719
898	82	84	80	86	44.958	0.19853
899	52	54	50	56	45.207	0.19971
900	20	23	17	26	46.173	0.20427
901	40	43	37	46	46.684	0.20669
902	114	115	113	116	47.08	0.20857
903	81	83	79	85	47.383	0.21
904	21	24	18	27	47.489	0.21051
905	77	79	75	81	47.486	0.21049
906	12	15	9	18	47.688	0.21145
907	112	113	111	114	47.983	0.21285
908	101	102	100	103	48.079	0.2133
909	19	22	16	25	48.093	0.21337
910	48	50	46	52	48.998	0.21767
911	67	69	65	71	49.73	0.22115
912	28	31	25	34	49.928	0.22209
913	51	53	49	55	50.874	0.2266
914	14	17	11	20	51.408	0.22914
915	120	121	119	122	51.426	0.22923
916	15	18	12	21	51.39	0.22905
917	76	78	74	80	51.894	0.23146
918	118	119	117	120	51.909	0.23153
919	6	10	2	14	52.234	0.23308
920	29	32	26	35	52.363	0.23369
921	34	37	31	40	52.639	0.23501
922	5	9	1	13	54.364	0.24326
923	44	46	42	48	54.06	0.2418
924	53	55	51	57	55.739	0.24984
925	10	13	7	16	56.103	0.25159
926	11	14	8	17	56.946	0.25564
927	23	25	21	27	57.476	0.25818
928	98	99	97	100	57.628	0.25891
929	36	39	33	42	58	0.2607
930	30	33	27	36	57.977	0.26059
931	49	51	47	53	57.959	0.2605
932	99	100	98	101	58.176	0.26155
933	63	65	61	67	58.318	0.26223
934	47	49	45	51	58.325	0.26226
935	13	16	10	19	59.985	0.27025
936	35	38	32	41	60.27	0.27163
937	75	77	73	79	61.737	0.27871
938	24	26	22	28	63.482	0.28714
939	124	125	123	126	63.526	0.28735
940	97	98	96	99	63.571	0.28757
941	42	44	40	46	63.675	0.28807
942	26	28	24	30	64.222	0.29072
943	43	45	41	47	64.993	0.29445
944	69	71	67	73	65.397	0.29641
945	8	11	5	14	66.3	0.30079
946	9	12	6	15	66.096	0.2998
947	7	10	4	13	66.59	0.3022
948	68	70	66	72	66.83	0.30337
949	81	82	80	83	67.435	0.3063
950	70	72	68	74	67.207	0.30519
951	45	47	43	49	67.553	0.30687
952	39	41	37	43	68.663	0.31227
953	22	24	20	26	69.259	0.31517
954	19	21	17	23	69.933	0.31845
955	25	27	23	29	70.423	0.32084
956	46	48	44	50	70.397	0.32072
957	74	76	72	78	70.625	0.32182
958	96	97	95	98	71.344	0.32533
959	73	75	71	77	71.429	0.32574
960	18	20	16	22	72.618	0.33155
961	40	42	38	44	72.629	0.3316
962	71	73	69	75	73.286	0.33481
963	50	52	48	54	72.817	0.33252
964	57	58	56	59	73.262	0.33469
965	95	96	94	97	73.525	0.33598
966	20	22	18	24	74.162	0.33909
967	93	94	92	95	74.674	0.3416
968	91	92	90	93	75.008	0.34323
969	94	95	93	96	75.437	0.34533
970	21	23	19	25	77.332	0.35462
971	54	56	52	58	77.242	0.35418
972	41	43	39	45	78.016	0.35797
973	6	9	3	12	79.014	0.36287
974	29	31	27	33	80.439	0.36988
975	16	18	14	20	80.64	0.37087
976	126	127	125	128	81.987	0.3775
977	28	30	26	32	83.322	0.38407
978	72	74	70	76	83.512	0.38501
979	38	40	36	42	85.597	0.3953
980	89	90	88	91	88.113	0.40774
981	79	80	78	81	88.562	0.40996
982	33	35	31	37	89.268	0.41346
983	15	17	13	19	89.104	0.41265
984	17	19	15	21	91.626	0.42515
985	87	88	86	89	93.066	0.4323
986	14	16	12	18	93.208	0.43301
987	37	39	35	41	94.469	0.43928
988	58	59	57	60	95.291	0.44337
989	88	89	87	90	96.556	0.44966
990	12	14	10	16	96.53	0.44953
991	27	29	25	31	97.522	0.45448
992	4	7	1	10	99.064	0.46216
993	18	19	17	20	99.285	0.46327
994	61	63	59	65	99.61	0.46489
995	11	13	9	15	101.45	0.47408
996	86	87	85	88	102.9	0.48134
997	56	58	54	60	104.8	0.49084
998	5	8	2	11	105.3	0.49336
999	10	12	8	14	106.57	0.4997
1000	92	93	91	94	109.23	0.51305
1001	83	84	82	85	109.9	0.51645
1002	61	62	60	63	111.93	0.52663
1003	48	49	47	50	112.1	0.52751
1004	90	91	89	92	112.99	0.53198
1005	76	77	75	78	114.74	0.54081
1006	7	9	5	11	114.89	0.54154
1007	8	10	6	12	116.89	0.55165
1008	13	15	11	17	119.13	0.56295
1009	30	32	28	34	119.68	0.56573
1010	85	86	84	87	120.97	0.57228
1011	68	69	67	70	121.44	0.57464
1012	57	59	55	61	124.5	0.59014
1013	9	11	7	13	127.62	0.60595
1014	36	38	34	40	124.85	0.59192
1015	60	62	58	64	125.24	0.59387
1016	55	56	54	57	125.8	0.59675
1017	44	45	43	46	125.95	0.59749
1018	32	34	30	36	127.62	0.60596
1019	60	61	59	62	129.42	0.6151
1020	46	47	45	48	131.19	0.6241
1021	45	46	44	47	138.71	0.66244
1022	84	85	83	86	139.01	0.66401
1023	34	36	32	38	142.64	0.68255
1024	63	64	62	65	145.86	0.69904
1025	35	37	33	39	147.68	0.70839
1026	80	81	79	82	148.84	0.71432
1027	78	79	77	80	150.98	0.72532
1028	67	68	66	69	153.53	0.73843
1029	20	21	19	22	152.18	0.7315
1030	27	28	26	29	153.7	0.73931
1031	6	8	4	10	156.31	0.75276
1032	25	26	24	27	157.02	0.7564
1033	82	83	81	84	160.71	0.77542
1034	77	78	76	79	161.64	0.78023
1035	23	24	22	25	162.08	0.7825
1036	50	51	49	52	162.88	0.78665
1037	42	43	41	44	167.28	0.80936
1038	47	48	46	49	167.43	0.81017
1039	3	5	1	7	168.66	0.8165
1040	31	33	29	35	173.56	0.84191
1041	52	53	51	54	173.5	0.8416
1042	49	50	48	51	174.58	0.8472
1043	66	67	65	68	176.33	0.8563
1044	53	54	52	55	176.67	0.85809
1045	39	40	38	41	178.02	0.86507
1046	26	27	25	28	180.58	0.87838
1047	8	9	7	10	181.63	0.88387
1048	43	44	42	45	183.98	0.89607
1049	16	17	15	18	184.64	0.89952
1050	69	70	68	71	185.44	0.90368
1051	5	7	3	9	187	0.91183
1052	24	25	23	26	187.83	0.91613
1053	56	57	55	58	193.66	0.94662
1054	40	41	39	42	193.22	0.94433
1055	4	6	2	8	198.06	0.96963
1056	21	22	20	23	198.7	0.97297
1057	22	23	21	24	212.53	1.0456
1058	13	14	12	15	213.75	1.052
1059	10	11	9	12	217.36	1.071
1060	54	55	53	56	225.88	1.116
1061	51	52	50	53	228.92	1.132
1062	74	75	73	76	231.07	1.1434
1063	62	63	61	64	239.04	1.1857
1064	11	12	10	13	238.94	1.1851
1065	75	76	74	77	240.97	1.1959
1066	12	13	11	14	241.54	1.1989
1067	19	20	18	21	244.02	1.2121
1068	41	42	40	43	242.37	1.2033
1069	7	8	6	9	262.07	1.3082
1070	14	15	13	16	281.06	1.4099
1071	38	39	37	40	302.52	1.5253
1072	9	10	8	11	303.97	1.5331
1073	6	7	5	8	307.09	1.55
1074	71	72	70	73	307.48	1.5521
1075	29	30	28	31	314.82	1.5918
1076	2	3	1	4	324.8	1.6457
1077	37	38	36	39	331.27	1.6809
1078	15	16	14	17	343.52	1.7474
1079	33	34	32	35	344.32	1.7517
1080	70	71	69	72	346.62	1.7643
1081	73	74	72	75	350.27	1.7842
1082	5	6	4	7	350.44	1.7851
1083	17	18	16	19	374.85	1.9184
1084	28	29	27	30	378.44	1.938
1085	31	32	30	33	386.24	1.9808
1086	4	5	3	6	402.46	2.0699
1087	3	4	2	5	439.98	2.2769
1088	30	31	29	32	448.13	2.322
1089	36	37	35	38	454.55	2.3576
1090	72	73	71	74	464.14	2.4109
1091	35	36	34	37	541.42	2.8426
1092	32	33	31	34	595.25	3.1459
1093	34	35	33	36	607.1	3.2129
