1093
1	108	118	98	128	3.6184
2	106	116	96	126	3.6216
3	107	117	97	127	3.6313
4	105	115	95	125	3.6546
5	104	114	94	124	3.7358
6	107	116	98	125	3.8017
7	102	112	92	122	3.831
8	109	118	100	127	3.8639
9	103	113	93	123	3.8811
10	106	115	97	124	3.8941
11	101	111	91	121	3.9837
12	105	114	96	123	3.9863
13	108	117	99	126	4.0195
14	91	101	81	111	4.0224
15	100	110	90	120	4.0461
16	93	103	83	113	4.075
17	92	102	82	112	4.0749
18	99	109	89	119	4.1041
19	97	107	87	117	4.1187
20	98	108	88	118	4.1252
21	110	119	101	128	4.126
22	103	112	94	121	4.1697
23	90	100	80	110	4.1653
24	104	113	95	122	4.16
25	94	104	84	114	4.164
26	95	105	85	115	4.1798
27	108	116	100	124	4.1986
28	96	106	86	116	4.2185
29	88	98	78	108	4.2464
30	91	100	82	109	4.24
31	106	114	98	122	4.2504
32	89	99	79	109	4.2458
33	87	97	77	107	4.2636
34	102	111	93	120	4.2766
35	101	110	92	119	4.2888
36	109	117	101	125	4.3194
37	107	115	99	123	4.2989
38	86	96	76	106	4.3768
39	95	104	86	113	4.3944
40	85	95	75	105	4.4322
41	90	99	81	108	4.4199
42	94	103	85	112	4.4459
43	110	118	102	126	4.4457
44	96	105	87	114	4.4671
45	100	109	91	118	4.4495
46	105	113	97	121	4.4595
47	99	108	90	117	4.4847
48	97	106	88	115	4.4812
49	79	89	69	99	4.4844
50	98	107	89	116	4.4743
51	93	102	84	111	4.4853
52	89	98	80	107	4.5358
53	92	101	83	110	4.538
54	104	112	96	120	4.5545
55	111	119	103	127	4.5695
56	84	94	74	104	4.6188
57	78	88	68	98	4.6159
58	103	111	95	119	4.6142
59	80	90	70	100	4.6443
60	59	69	49	79	4.6317
61	88	97	79	106	4.6697
62	81	91	71	101	4.6707
63	77	87	67	97	4.7015
64	87	96	78	105	4.7257
65	86	95	77	104	4.7414
66	76	86	66	96	4.7388
67	90	98	82	106	4.7567
68	107	114	100	121	4.7513
69	82	92	72	102	4.7745
70	83	93	73	103	4.7682
71	95	103	87	111	4.7671
72	102	110	94	118	4.7833
73	94	102	86	110	4.7831
74	112	120	104	128	4.7989
75	96	104	88	112	4.8001
76	109	116	102	123	4.8011
77	97	105	89	113	4.8014
78	93	101	85	109	4.8145
79	108	115	101	122	4.8169
80	100	108	92	116	4.8486
81	101	109	93	117	4.8685
82	99	107	91	115	4.8805
83	79	88	70	97	4.8812
84	85	94	76	103	4.874
85	91	99	83	107	4.8887
86	98	106	90	114	4.9086
87	70	80	60	90	4.9187
88	105	112	98	119	4.9572
89	75	85	65	95	4.9753
90	80	89	71	98	4.973
91	110	117	103	124	4.9712
92	89	97	81	105	4.9749
93	111	118	104	125	4.9897
94	84	93	75	102	4.981
95	106	113	99	120	4.9933
96	78	87	69	96	5.0211
97	73	83	63	93	5.0179
98	59	68	50	77	5.0515
99	72	82	62	92	5.099
100	61	71	51	81	5.1404
101	92	100	84	108	5.1288
102	88	96	80	104	5.1553
103	81	90	72	99	5.1452
104	76	85	67	94	5.1476
105	104	111	97	118	5.1815
106	86	94	78	102	5.2122
107	77	86	68	95	5.2231
108	113	120	106	127	5.2256
109	94	101	87	108	5.2304
110	96	103	89	110	5.2414
111	85	93	77	101	5.2727
112	83	92	74	101	5.2661
113	87	95	79	103	5.2534
114	95	102	88	109	5.2851
115	103	110	96	117	5.2841
116	97	104	90	111	5.3111
117	65	75	55	85	5.3148
118	71	81	61	91	5.3329
119	84	92	76	100	5.3477
120	93	100	86	107	5.3614
121	99	106	92	113	5.3523
122	74	82	66	90	5.3667
123	75	84	66	93	5.384
124	68	78	58	88	5.379
125	67	77	57	87	5.4465
126	74	83	65	92	5.4063
127	79	87	71	95	5.417
128	102	109	95	116	5.4097
129	59	67	51	75	5.4333
130	100	107	93	114	5.4458
131	98	105	91	112	5.4716
132	101	108	94	115	5.4813
133	89	96	82	103	5.4858
134	69	78	60	87	5.5005
135	112	119	105	126	5.5115
136	66	76	56	86	5.5112
137	62	72	52	82	5.512
138	109	115	103	121	5.5243
139	110	116	104	122	5.5609
140	63	73	53	83	5.5912
141	82	91	73	100	5.6067
142	80	88	72	96	5.607
143	61	70	52	79	5.6394
144	108	114	102	120	5.6682
145	88	95	81	102	5.6563
146	62	71	53	80	5.6579
147	106	112	100	118	5.6881
148	63	72	54	81	5.6865
149	92	99	85	106	5.7054
150	91	98	84	105	5.7008
151	78	86	70	94	5.7139
152	72	81	63	90	5.7144
153	85	92	78	99	5.7181
154	107	113	101	119	5.7257
155	75	83	67	91	5.7338
156	87	94	80	101	5.7333
157	90	97	83	104	5.8108
158	114	121	107	128	5.8112
159	105	111	99	117	5.7984
160	71	80	62	89	5.8272
161	77	85	69	93	5.8417
162	83	91	75	99	5.8801
163	69	79	59	89	5.9475
164	57	67	47	77	5.9017
165	56	66	46	76	5.9087
166	76	84	68	92	5.9187
167	86	93	79	100	5.9333
168	50	60	40	70	5.9624
169	98	104	92	110	5.9667
170	112	118	106	124	5.9654
171	67	76	58	85	5.9713
172	75	82	68	89	5.9869
173	66	75	57	84	5.9837
174	94	100	88	106	5.9908
175	113	119	107	125	6.0092
176	81	89	73	97	6.0036
177	84	91	77	98	6.0167
178	95	101	89	107	6.0357
179	61	69	53	77	6.0839
180	111	117	105	123	6.0376
181	58	68	48	78	6.0587
182	70	79	61	88	6.0451
183	97	103	91	109	6.0492
184	73	81	65	89	6.0684
185	96	102	90	108	6.0673
186	101	107	95	113	6.1028
187	93	99	87	105	6.1168
188	104	110	98	116	6.1224
189	74	81	67	88	6.1535
190	103	109	97	115	6.1563
191	102	108	96	114	6.1709
192	65	74	56	83	6.187
193	63	71	55	79	6.1928
194	62	70	54	78	6.1983
195	55	65	45	75	6.2097
196	99	105	93	111	6.257
197	68	76	60	84	6.2357
198	100	106	94	112	6.2495
199	88	94	82	100	6.3091
200	86	92	80	98	6.3271
201	58	67	49	76	6.4111
202	79	86	72	93	6.3831
203	54	64	44	74	6.3892
204	114	120	108	126	6.4005
205	115	121	109	127	6.4151
206	53	63	43	73	6.4254
207	70	78	62	86	6.4265
208	59	66	52	73	6.4494
209	91	97	85	103	6.4551
210	76	83	69	90	6.4594
211	60	70	50	80	6.4937
212	68	77	59	86	6.5282
213	82	90	74	98	6.5401
214	87	93	81	99	6.5349
215	52	62	42	72	6.5929
216	92	98	86	104	6.5692
217	65	73	57	81	6.5808
218	83	90	76	97	6.6102
219	65	72	58	79	6.5966
220	69	77	61	85	6.6331
221	48	58	38	68	6.6189
222	57	66	48	75	6.6533
223	71	79	63	87	6.6552
224	51	60	42	69	6.6852
225	44	54	34	64	6.7042
226	61	68	54	75	6.6749
227	109	114	104	119	6.7442
228	89	95	83	101	6.7176
229	55	64	46	73	6.7154
230	78	85	71	92	6.7406
231	116	122	110	128	6.7337
232	107	112	102	117	6.7409
233	111	116	106	121	6.7465
234	73	80	66	87	6.7862
235	56	65	47	74	6.7878
236	52	60	44	68	6.7982
237	90	96	84	102	6.7956
238	80	87	73	94	6.8462
239	76	82	70	88	6.8429
240	110	115	105	120	6.8568
241	84	90	78	96	6.8662
242	77	84	70	91	6.8896
243	51	61	41	71	6.8999
244	45	55	35	65	6.9013
245	85	91	79	97	6.8975
246	39	49	29	59	6.9131
247	106	111	101	116	6.9015
248	113	118	108	123	6.9389
249	108	113	103	118	6.931
250	47	57	37	67	6.9993
251	115	120	110	125	7.0582
252	62	69	55	76	7.0971
253	46	56	36	66	7.1488
254	93	98	88	103	7.1314
255	100	105	95	110	7.1456
256	43	53	33	63	7.1885
257	99	104	94	109	7.1442
258	97	102	92	107	7.1466
259	49	58	40	67	7.1768
260	60	69	51	78	7.1761
261	81	88	74	95	7.1846
262	87	92	82	97	7.1745
263	105	110	100	115	7.1741
264	53	62	44	71	7.1831
265	48	57	39	66	7.249
266	94	99	89	104	7.2002
267	74	80	68	86	7.2176
268	75	81	69	87	7.2192
269	96	101	91	106	7.2398
270	102	107	97	112	7.252
271	98	103	93	108	7.2553
272	112	117	107	122	7.2573
273	54	63	45	72	7.2825
274	117	122	112	127	7.2834
275	58	66	50	74	7.2911
276	70	77	63	84	7.3062
277	103	108	98	113	7.3041
278	66	74	58	82	7.3379
279	52	61	43	70	7.3296
280	82	89	75	96	7.362
281	101	106	96	111	7.3525
282	95	100	90	105	7.3952
283	42	52	32	62	7.4191
284	63	70	56	77	7.413
285	104	109	99	114	7.4115
286	114	119	109	124	7.4641
287	44	53	35	62	7.472
288	91	96	86	101	7.4727
289	83	89	77	95	7.4913
290	57	65	49	73	7.566
291	31	41	21	51	7.5409
292	41	51	31	61	7.5592
293	92	97	87	102	7.5833
294	66	72	60	78	7.6061
295	59	64	54	69	7.608
296	47	56	38	65	7.6601
297	53	60	46	67	7.6441
298	49	59	39	69	7.7645
299	45	54	36	63	7.6758
300	56	64	48	72	7.7117
301	37	47	27	57	7.767
302	67	74	60	81	7.7386
303	24	34	14	44	7.7268
304	38	48	28	58	7.7526
305	86	91	81	96	7.7375
306	43	52	34	61	7.7653
307	59	65	53	71	7.7682
308	30	40	20	50	7.7911
309	67	75	59	83	7.7979
310	85	90	80	95	7.8218
311	72	79	65	86	7.8806
312	55	63	47	71	7.8894
313	90	95	85	100	7.9211
314	36	46	26	56	7.9359
315	41	50	32	59	7.934
316	25	35	15	45	7.9355
317	118	123	113	128	7.9441
318	32	42	22	52	7.9566
319	77	83	71	89	7.933
320	43	51	35	59	7.9602
321	69	76	62	83	8.0254
322	49	57	41	65	8.0547
323	23	33	13	43	8.0474
324	116	121	111	126	8.0371
325	61	67	55	73	8.0822
326	48	56	40	64	8.0644
327	53	61	45	69	8.1294
328	46	55	37	64	8.1169
329	29	39	19	49	8.1716
330	33	43	23	53	8.1712
331	35	45	25	55	8.1728
332	73	79	67	85	8.1811
333	40	50	30	60	8.2241
334	63	69	57	75	8.2446
335	54	62	46	70	8.2546
336	37	46	28	55	8.2476
337	79	85	73	91	8.2393
338	50	58	42	66	8.3004
339	62	68	56	74	8.3054
340	57	64	50	71	8.3277
341	89	94	84	99	8.3284
342	65	70	60	75	8.3481
343	81	87	75	93	8.3755
344	110	114	106	118	8.3794
345	88	93	83	98	8.361
346	60	68	52	76	8.4131
347	84	89	79	94	8.4284
348	18	28	8	38	8.423
349	50	59	41	68	8.455
350	56	63	49	70	8.4429
351	31	40	22	49	8.4567
352	111	115	107	119	8.4438
353	78	84	72	90	8.4578
354	34	44	24	54	8.4923
355	108	112	104	116	8.4648
356	27	37	17	47	8.4706
357	38	47	29	56	8.4703
358	26	36	16	46	8.5433
359	107	111	103	115	8.5201
360	28	38	18	48	8.5652
361	109	113	105	117	8.5691
362	39	48	30	57	8.6246
363	47	55	39	63	8.6321
364	113	117	109	121	8.6436
365	68	75	61	82	8.6685
366	82	88	76	94	8.6626
367	76	81	71	86	8.6891
368	22	32	12	42	8.7272
369	112	116	108	120	8.7377
370	114	118	110	122	8.7767
371	40	49	31	58	8.7855
372	66	73	59	80	8.7767
373	100	104	96	108	8.7843
374	30	39	21	48	8.7847
375	46	54	38	62	8.8445
376	32	41	23	50	8.8609
377	94	98	90	102	8.8776
378	19	29	9	39	8.8792
379	26	35	17	44	8.8919
380	42	51	33	60	8.9252
381	80	86	74	92	8.9068
382	106	110	102	114	8.9185
383	36	45	27	54	8.9262
384	93	97	89	101	8.9628
385	119	123	115	127	8.9985
386	99	103	95	107	8.9846
387	72	78	66	84	9.0075
388	101	105	97	109	8.9787
389	102	106	98	110	8.9866
390	33	42	24	51	8.9868
391	23	32	14	41	8.9934
392	47	54	40	61	9.0258
393	116	120	112	124	9.0007
394	25	34	16	43	9.0375
395	48	55	41	62	9.0233
396	65	71	59	77	9.0447
397	16	26	6	36	9.0848
398	20	30	10	40	9.0616
399	83	88	78	93	9.0682
400	105	109	101	113	9.0739
401	17	27	7	37	9.0937
402	55	62	48	69	9.1644
403	34	43	25	52	9.1758
404	103	107	99	111	9.1375
405	45	53	37	61	9.1668
406	51	58	44	65	9.1843
407	42	50	34	58	9.2141
408	75	80	70	85	9.1892
409	96	100	92	104	9.1928
410	11	21	1	31	9.243
411	77	82	72	87	9.2004
412	35	44	26	53	9.2275
413	115	119	111	123	9.2073
414	24	33	15	42	9.2443
415	98	102	94	106	9.2383
416	58	65	51	72	9.271
417	91	95	87	99	9.2632
418	21	31	11	41	9.313
419	86	90	82	94	9.3044
420	117	121	113	125	9.3487
421	37	45	29	53	9.375
422	29	38	20	47	9.388
423	95	99	91	103	9.409
424	27	36	18	45	9.427
425	67	73	61	79	9.4608
426	97	101	93	105	9.4722
427	18	27	9	36	9.477
428	60	67	53	74	9.4803
429	33	41	25	49	9.4951
430	12	22	2	32	9.5078
431	71	77	65	83	9.5091
432	69	75	63	81	9.5775
433	104	108	100	112	9.5315
434	92	96	88	100	9.5392
435	32	40	24	48	9.532
436	54	60	48	66	9.5689
437	55	60	50	65	9.5874
438	28	37	19	46	9.626
439	74	79	69	84	9.6643
440	39	47	31	55	9.674
441	38	46	30	54	9.6856
442	15	25	5	35	9.6818
443	19	28	10	37	9.6994
444	20	29	11	38	9.7063
445	13	23	3	33	9.7479
446	14	24	4	34	9.8245
447	57	63	51	69	9.8171
448	27	35	19	43	9.7942
449	21	30	12	39	9.8452
450	85	89	81	93	9.8337
451	50	57	43	64	9.9166
452	22	31	13	40	9.8841
453	36	44	28	52	9.9269
454	59	63	55	67	9.9158
455	51	59	43	67	9.9336
456	41	49	33	57	9.9772
457	17	26	8	35	9.9911
458	16	25	7	34	9.9916
459	68	74	62	80	9.9813
460	54	61	47	68	9.9894
461	12	21	3	30	10.034
462	118	122	114	126	9.9856
463	56	62	50	68	10.007
464	23	31	15	39	10.123
465	90	94	86	98	10.074
466	66	71	61	76	10.09
467	63	68	58	73	10.1
468	49	56	42	63	10.11
469	52	58	46	64	10.115
470	13	22	4	31	10.144
471	40	48	32	56	10.142
472	44	52	36	60	10.195
473	120	124	116	128	10.225
474	58	64	52	70	10.256
475	15	24	6	33	10.309
476	52	59	45	66	10.402
477	45	52	38	59	10.448
478	61	66	56	71	10.457
479	31	39	23	47	10.461
480	28	36	20	44	10.497
481	42	49	35	56	10.474
482	81	86	76	91	10.483
483	26	34	18	42	10.509
484	18	26	10	34	10.525
485	34	42	26	50	10.581
486	43	50	36	57	10.579
487	17	25	9	33	10.602
488	73	78	68	83	10.6
489	84	88	80	92	10.66
490	88	92	84	96	10.623
491	89	93	85	97	10.671
492	11	20	2	29	10.671
493	47	53	41	59	10.703
494	22	30	14	38	10.712
495	20	28	12	36	10.758
496	16	24	8	32	10.76
497	82	87	77	92	10.742
498	55	61	49	67	10.753
499	39	46	32	53	10.768
500	38	45	31	52	10.774
501	29	37	21	45	10.792
502	62	67	57	72	10.819
503	10	19	1	28	10.808
504	113	116	110	119	10.821
505	33	40	26	47	10.808
506	35	43	27	51	10.819
507	24	32	16	40	10.85
508	44	51	37	58	10.88
509	14	23	5	32	10.919
510	30	38	22	46	10.878
511	67	72	62	77	10.89
512	80	85	75	90	10.911
513	109	112	106	115	10.989
514	78	83	73	88	10.973
515	51	57	45	63	11.096
516	25	33	17	41	11.094
517	21	29	13	37	11.109
518	79	84	74	89	11.15
519	87	91	83	95	11.178
520	111	114	108	117	11.267
521	115	118	112	121	11.327
522	34	41	27	48	11.35
523	13	21	5	29	11.401
524	19	27	11	35	11.464
525	107	110	104	113	11.526
526	108	111	105	114	11.562
527	49	55	43	61	11.654
528	14	22	6	30	11.692
529	37	44	30	51	11.693
530	110	113	107	116	11.725
531	50	56	44	62	11.729
532	117	120	114	123	11.755
533	11	19	3	27	11.792
534	28	35	21	42	11.798
535	18	25	11	32	11.8
536	68	73	63	78	11.816
537	119	122	116	125	11.812
538	41	48	34	55	11.851
539	15	23	7	31	11.89
540	60	66	54	72	11.909
541	112	115	109	118	11.899
542	12	20	4	28	11.991
543	59	62	56	65	12.036
544	102	105	99	108	12.019
545	100	103	97	106	12.036
546	46	53	39	60	12.067
547	70	75	65	80	12.147
548	106	109	103	112	12.092
549	23	30	16	37	12.111
550	32	39	25	46	12.095
551	101	104	98	107	12.128
552	71	76	66	81	12.152
553	72	77	67	82	12.197
554	121	124	118	127	12.199
555	40	47	33	54	12.201
556	19	26	12	33	12.238
557	27	34	20	41	12.243
558	31	38	24	45	12.266
559	29	36	22	43	12.273
560	58	63	53	68	12.265
561	104	107	101	110	12.31
562	56	60	52	64	12.364
563	35	42	28	49	12.342
564	24	31	17	38	12.357
565	25	32	18	39	12.378
566	36	43	29	50	12.42
567	103	106	100	109	12.468
568	57	62	52	67	12.524
569	17	24	10	31	12.483
570	83	87	79	91	12.545
571	49	54	44	59	12.558
572	105	108	102	111	12.588
573	56	61	51	66	12.607
574	20	27	13	34	12.673
575	26	33	19	40	12.674
576	53	59	47	65	12.73
577	21	28	14	35	12.737
578	48	54	42	60	12.723
579	65	69	61	73	12.834
580	114	117	111	120	12.796
581	44	50	38	56	12.824
582	52	57	47	62	12.946
583	53	58	48	63	12.863
584	95	98	92	101	12.917
585	30	37	23	44	12.907
586	16	23	9	30	12.923
587	99	102	96	105	12.982
588	94	97	91	100	12.999
589	66	70	62	74	13.056
590	98	101	95	104	13.066
591	10	18	2	26	13.109
592	118	121	115	124	13.151
593	62	66	58	70	13.149
594	22	29	15	36	13.138
595	45	51	39	57	13.222
596	57	60	54	63	13.234
597	15	22	8	29	13.278
598	97	100	94	103	13.311
599	40	46	34	52	13.338
600	93	96	90	99	13.363
601	14	21	7	28	13.371
602	9	17	1	25	13.411
603	39	45	33	51	13.417
604	116	119	113	122	13.473
605	43	49	37	55	13.475
606	76	80	72	84	13.501
607	46	52	40	58	13.491
608	81	85	77	89	13.595
609	96	99	93	102	13.546
610	85	88	82	91	13.623
611	38	44	32	50	13.782
612	13	20	6	27	13.802
613	12	19	5	26	13.794
614	91	94	88	97	13.881
615	67	71	63	75	13.929
616	79	83	75	87	13.906
617	78	82	74	86	13.951
618	34	40	28	46	13.964
619	41	47	35	53	13.972
620	61	65	57	69	14.204
621	32	38	26	44	14.062
622	33	39	27	45	14.042
623	120	123	117	126	14.155
624	51	56	46	61	14.155
625	73	77	69	81	14.208
626	20	26	14	32	14.27
627	77	81	73	85	14.33
628	74	78	70	82	14.371
629	89	92	86	95	14.486
630	31	37	25	43	14.445
631	82	86	78	90	14.502
632	18	24	12	30	14.452
633	42	48	36	54	14.48
634	37	43	31	49	14.475
635	23	29	17	35	14.636
636	25	31	19	37	14.698
637	30	36	24	42	14.68
638	35	41	29	47	14.742
639	80	84	76	88	14.762
640	27	33	21	39	14.78
641	10	17	3	24	14.783
642	75	79	71	83	14.893
643	15	21	9	27	14.877
644	36	42	30	48	14.866
645	26	32	20	38	14.887
646	19	25	13	31	14.91
647	11	18	4	25	15.006
648	48	53	43	58	15.014
649	92	95	89	98	15.102
650	122	125	119	128	15.202
651	84	87	81	90	15.316
652	29	35	23	41	15.353
653	58	62	54	66	15.414
654	90	93	87	96	15.407
655	57	61	53	65	15.411
656	21	27	15	33	15.392
657	28	34	22	40	15.409
658	16	22	10	28	15.503
659	24	30	18	36	15.683
660	53	57	49	61	15.959
661	22	28	16	34	15.866
662	71	75	67	79	15.928
663	8	15	1	22	15.949
664	63	66	60	69	16.372
665	88	91	85	94	16.053
666	45	50	40	55	16.127
667	23	28	18	33	16.197
668	13	19	7	25	16.172
669	14	20	8	26	16.283
670	9	16	2	23	16.305
671	46	51	41	56	16.322
672	79	82	76	85	16.412
673	44	49	39	54	16.391
674	61	64	58	67	16.673
675	109	111	107	113	16.764
676	54	58	50	62	16.885
677	60	65	55	70	16.89
678	17	23	11	29	16.883
679	72	76	68	80	16.912
680	87	90	84	93	16.968
681	40	45	35	50	17.014
682	39	44	34	49	17.162
683	47	52	42	57	17.2
684	113	115	111	117	17.286
685	33	38	28	43	17.305
686	30	35	25	40	17.511
687	51	55	47	59	17.663
688	83	86	80	89	17.668
689	69	73	65	77	17.78
690	107	109	105	111	17.737
691	65	68	62	71	17.785
692	108	110	106	112	17.8
693	70	74	66	78	17.842
694	54	59	49	64	17.852
695	29	34	24	39	17.84
696	124	126	122	128	17.855
697	106	108	104	110	17.874
698	16	21	11	26	18.006
699	31	36	26	41	18.002
700	50	55	45	60	18.006
701	38	43	33	48	18.037
702	110	112	108	114	18.127
703	43	48	38	53	18.137
704	11	17	5	23	18.185
705	24	29	19	34	18.207
706	86	89	83	92	18.284
707	121	123	119	125	18.25
708	12	18	6	24	18.278
709	105	107	103	109	18.268
710	42	47	37	52	18.331
711	112	114	110	116	18.469
712	102	104	100	106	18.608
713	118	120	116	122	18.631
714	32	37	27	42	18.685
715	103	105	101	107	18.779
716	114	116	112	118	18.905
717	37	42	32	47	18.91
718	111	113	109	115	19.014
719	34	39	29	44	19.026
720	117	119	115	121	19.065
721	116	118	114	120	19.067
722	50	54	46	58	19.104
723	63	67	59	71	19.218
724	35	40	30	45	19.239
725	14	19	9	24	19.275
726	104	106	102	108	19.325
727	41	46	36	51	19.335
728	49	53	45	57	19.367
729	22	27	17	32	19.469
730	8	14	2	20	19.882
731	120	122	118	124	19.546
732	27	32	22	37	19.594
733	25	30	20	35	19.693
734	36	41	31	46	19.734
735	17	22	12	27	19.722
736	115	117	113	119	19.893
737	101	103	99	105	19.922
738	20	25	15	30	20.126
739	19	24	14	29	20.197
740	26	31	21	36	20.328
741	15	20	10	25	20.5
742	9	15	3	21	20.367
743	10	16	4	22	20.437
744	18	23	13	28	20.435
745	31	35	27	39	20.592
746	119	121	117	123	20.447
747	78	81	75	84	20.495
748	48	52	44	56	20.563
749	53	56	50	59	20.696
750	100	102	98	104	20.701
751	7	13	1	19	20.93
752	80	83	77	86	20.818
753	21	26	16	31	21.273
754	81	84	78	87	21.371
755	44	48	40	52	21.593
756	23	27	19	31	21.658
757	99	101	97	103	21.621
758	28	33	23	38	21.822
759	24	28	20	32	21.926
760	13	18	8	23	22.15
761	98	100	96	102	22.156
762	47	51	43	55	22.341
763	123	125	121	127	22.38
764	45	49	41	53	22.536
765	66	69	63	72	22.873
766	55	58	52	61	22.914
767	25	29	21	33	23.021
768	122	124	120	126	23.066
769	74	77	71	80	23.101
770	97	99	95	101	23.429
771	30	34	26	38	23.657
772	32	36	28	40	23.612
773	55	59	51	63	23.692
774	82	85	79	88	23.725
775	8	13	3	18	23.814
776	62	64	60	66	23.82
777	125	126	124	127	23.912
778	60	64	56	68	24.042
779	18	22	14	26	24.068
780	94	96	92	98	24.161
781	39	43	35	47	24.193
782	96	98	94	100	24.452
783	16	20	12	24	24.573
784	43	47	39	51	24.696
785	12	17	7	22	24.652
786	17	21	13	25	24.949
787	73	76	70	79	24.92
788	42	46	38	50	24.968
789	68	71	65	74	25.108
790	77	80	74	83	25.228
791	46	50	42	54	25.27
792	70	73	67	76	25.374
793	40	44	36	48	25.793
794	10	15	5	20	25.907
795	52	56	48	60	26.056
796	36	40	32	44	26.26
797	9	14	4	19	26.51
798	37	41	33	45	26.768
799	90	92	88	94	26.904
800	15	19	11	23	27.533
801	75	78	72	81	27.05
802	38	42	34	46	27.084
803	69	72	66	75	27.542
804	33	37	29	41	27.462
805	7	12	2	17	27.676
806	41	45	37	49	27.563
807	22	26	18	30	27.965
808	76	79	73	82	28.145
809	119	120	118	121	28.127
810	11	16	6	21	28.359
811	26	30	22	34	28.337
812	84	86	82	88	28.336
813	48	51	45	54	28.415
814	72	75	69	78	28.645
815	93	95	91	97	28.553
816	29	33	25	37	28.619
817	95	97	93	99	28.943
818	51	54	48	57	29
819	71	74	68	77	28.998
820	34	38	30	42	29.291
821	55	57	53	59	29.417
822	117	118	116	119	29.583
823	50	53	47	56	29.812
824	35	39	31	43	29.847
825	89	91	87	93	29.887
826	52	55	49	58	30.056
827	21	25	17	29	30.017
828	28	32	24	36	30.469
829	79	81	77	83	30.845
830	59	61	57	63	30.984
831	20	24	16	28	31.181
832	65	67	63	69	31.635
833	27	31	23	35	31.768
834	19	23	15	27	31.815
835	47	50	44	53	31.829
836	91	93	89	95	31.888
837	87	89	85	91	31.86
838	58	61	55	64	31.911
839	23	26	20	29	32.355
840	80	82	78	84	32.523
841	13	17	9	21	32.691
842	49	52	46	55	32.771
843	42	45	39	48	32.845
844	92	94	90	96	32.973
845	18	21	15	24	33.03
846	115	116	114	117	33.289
847	25	28	22	31	33.35
848	121	122	120	123	33.304
849	88	90	86	92	33.281
850	43	46	40	49	33.531
851	113	114	112	115	33.882
852	44	47	41	50	33.841
853	14	18	10	22	34.11
854	58	60	56	62	34.248
855	10	14	6	18	34.494
856	83	85	81	87	34.62
857	38	41	35	44	34.683
858	33	36	30	39	34.801
859	106	107	105	108	35.464
860	108	109	107	110	35.633
861	24	27	21	30	35.721
862	111	112	110	113	35.969
863	86	88	84	90	36.052
864	107	108	106	109	36.098
865	12	16	8	20	36.333
866	46	49	43	52	36.41
867	11	15	7	19	36.701
868	8	12	4	16	37.202
869	105	106	104	107	36.653
870	110	111	109	112	37.031
871	16	19	13	22	37.188
872	27	30	24	33	37.495
873	109	110	108	111	37.489
874	31	34	28	37	37.631
875	62	65	59	68	37.948
876	17	20	14	23	38.107
877	104	105	103	106	38.08
878	85	87	83	89	38.122
879	122	123	121	124	38.383
880	32	35	29	38	38.569
881	102	103	101	104	39.351
882	22	25	19	28	39.566
883	7	11	3	15	40.253
884	37	40	34	43	39.721
885	60	63	57	66	39.968
886	39	42	36	45	40.061
887	123	124	122	125	40.139
888	9	13	5	17	40.192
889	103	104	102	105	40.495
890	56	59	53	62	41.436
891	78	80	76	82	42.37
892	45	48	42	51	42.607
893	26	29	23	32	43.022
894	100	101	99	102	43.1
895	54	57	51	60	43.525
896	116	117	115	118	43.714
897	41	44	38	47	44.674
898	82	84	80	86	44.958
899	52	54	50	56	45.207
900	20	23	17	26	46.173
901	40	43	37	46	46.684
902	114	115	113	116	47.08
903	81	83	79	85	47.383
904	21	24	18	27	47.489
905	77	79	75	81	47.486
906	12	15	9	18	47.688
907	112	113	111	114	47.983
908	101	102	100	103	48.079
909	19	22	16	25	48.093
910	48	50	46	52	48.998
911	67	69	65	71	49.73
912	28	31	25	34	49.928
913	51	53	49	55	50.874
914	14	17	11	20	51.408
915	120	121	119	122	51.426
916	15	18	12	21	51.39
917	76	78	74	80	51.894
918	118	119	117	120	51.909
919	6	10	2	14	52.234
920	29	32	26	35	52.363
921	34	37	31	40	52.639
922	5	9	1	13	54.364
923	44	46	42	48	54.06
924	53	55	51	57	55.739
925	10	13	7	16	56.103
926	11	14	8	17	56.946
927	23	25	21	27	57.476
928	98	99	97	100	57.628
929	36	39	33	42	58
930	30	33	27	36	57.977
931	49	51	47	53	57.959
932	99	100	98	101	58.176
933	63	65	61	67	58.318
934	47	49	45	51	58.325
935	13	16	10	19	59.985
936	35	38	32	41	60.27
937	75	77	73	79	61.737
938	24	26	22	28	63.482
939	124	125	123	126	63.526
940	97	98	96	99	63.571
941	42	44	40	46	63.675
942	26	28	24	30	64.222
943	43	45	41	47	64.993
944	69	71	67	73	65.397
945	8	11	5	14	66.3
946	9	12	6	15	66.096
947	7	10	4	13	66.59
948	68	70	66	72	66.83
949	81	82	80	83	67.435
950	70	72	68	74	67.207
951	45	47	43	49	67.553
952	39	41	37	43	68.663
953	22	24	20	26	69.259
954	19	21	17	23	69.933
955	25	27	23	29	70.423
956	46	48	44	50	70.397
957	74	76	72	78	70.625
958	96	97	95	98	71.344
959	73	75	71	77	71.429
960	18	20	16	22	72.618
961	40	42	38	44	72.629
962	71	73	69	75	73.286
963	50	52	48	54	72.817
964	57	58	56	59	73.262
965	95	96	94	97	73.525
966	20	22	18	24	74.162
967	93	94	92	95	74.674
968	91	92	90	93	75.008
969	94	95	93	96	75.437
970	21	23	19	25	77.332
971	54	56	52	58	77.242
972	41	43	39	45	78.016
973	6	9	3	12	79.014
974	29	31	27	33	80.439
975	16	18	14	20	80.64
976	126	127	125	128	81.987
977	28	30	26	32	83.322
978	72	74	70	76	83.512
979	38	40	36	42	85.597
980	89	90	88	91	88.113
981	79	80	78	81	88.562
982	33	35	31	37	89.268
983	15	17	13	19	89.104
984	17	19	15	21	91.626
985	87	88	86	89	93.066
986	14	16	12	18	93.208
987	37	39	35	41	94.469
988	58	59	57	60	95.291
989	88	89	87	90	96.556
990	12	14	10	16	96.53
991	27	29	25	31	97.522
992	4	7	1	10	99.064
993	18	19	17	20	99.285
994	61	63	59	65	99.61
995	11	13	9	15	101.45
996	86	87	85	88	102.9
997	56	58	54	60	104.8
998	5	8	2	11	105.3
999	10	12	8	14	106.57
1000	92	93	91	94	109.23
1001	83	84	82	85	109.9
1002	61	62	60	63	111.93
1003	48	49	47	50	112.1
1004	90	91	89	92	112.99
1005	76	77	75	78	114.74
1006	7	9	5	11	114.89
1007	8	10	6	12	116.89
1008	13	15	11	17	119.13
1009	30	32	28	34	119.68
1010	85	86	84	87	120.97
1011	68	69	67	70	121.44
1012	57	59	55	61	124.5
1013	9	11	7	13	127.62
1014	36	38	34	40	124.85
1015	60	62	58	64	125.24
1016	55	56	54	57	125.8
1017	44	45	43	46	125.95
1018	32	34	30	36	127.62
1019	60	61	59	62	129.42
1020	46	47	45	48	131.19
1021	45	46	44	47	138.71
1022	84	85	83	86	139.01
1023	34	36	32	38	142.64
1024	63	64	62	65	145.86
1025	35	37	33	39	147.68
1026	80	81	79	82	148.84
1027	78	79	77	80	150.98
1028	67	68	66	69	153.53
1029	20	21	19	22	152.18
1030	27	28	26	29	153.7
1031	6	8	4	10	156.31
1032	25	26	24	27	157.02
1033	82	83	81	84	160.71
1034	77	78	76	79	161.64
1035	23	24	22	25	162.08
1036	50	51	49	52	162.88
1037	42	43	41	44	167.28
1038	47	48	46	49	167.43
1039	3	5	1	7	168.66
1040	31	33	29	35	173.56
1041	52	53	51	54	173.5
1042	49	50	48	51	174.58
1043	66	67	65	68	176.33
1044	53	54	52	55	176.67
1045	39	40	38	41	178.02
1046	26	27	25	28	180.58
1047	8	9	7	10	181.63
1048	43	44	42	45	183.98
1049	16	17	15	18	184.64
1050	69	70	68	71	185.44
1051	5	7	3	9	187
1052	24	25	23	26	187.83
1053	56	57	55	58	193.66
1054	40	41	39	42	193.22
1055	4	6	2	8	198.06
1056	21	22	20	23	198.7
1057	22	23	21	24	212.53
1058	13	14	12	15	213.75
1059	10	11	9	12	217.36
1060	54	55	53	56	225.88
1061	51	52	50	53	228.92
1062	74	75	73	76	231.07
1063	62	63	61	64	239.04
1064	11	12	10	13	238.94
1065	75	76	74	77	240.97
1066	12	13	11	14	241.54
1067	19	20	18	21	244.02
1068	41	42	40	43	242.37
1069	7	8	6	9	262.07
1070	14	15	13	16	281.06
1071	38	39	37	40	302.52
1072	9	10	8	11	303.97
1073	6	7	5	8	307.09
1074	71	72	70	73	307.48
1075	29	30	28	31	314.82
1076	2	3	1	4	324.8
1077	37	38	36	39	331.27
1078	15	16	14	17	343.52
1079	33	34	32	35	344.32
1080	70	71	69	72	346.62
1081	73	74	72	75	350.27
1082	5	6	4	7	350.44
1083	17	18	16	19	374.85
1084	28	29	27	30	378.44
1085	31	32	30	33	386.24
1086	4	5	3	6	402.46
1087	3	4	2	5	439.98
1088	30	31	29	32	448.13
1089	36	37	35	38	454.55
1090	72	73	71	74	464.14
1091	35	36	34	37	541.42
1092	32	33	31	34	595.25
1093	34	35	33	36	607.1
