1048
1	2	3	1	4	353.07	366.75
2	3	4	2	5	542.85	533.39
3	3	5	1	7	187.23	194.91
4	4	5	3	6	424.84	418.04
5	4	6	2	8	211.94	214.4
6	4	7	1	10	101.85	108.25
7	5	6	4	7	402.98	395.01
8	5	7	3	9	204.71	213.59
9	5	8	2	11	110	112.04
10	5	9	1	13	56.307	59.843
11	6	7	5	8	339.44	354.76
12	6	8	4	10	166.63	169.99
13	6	9	3	12	81.575	89.549
14	6	10	2	14	51.494	54.985
15	7	8	6	9	276.2	277.65
16	7	9	5	11	121.12	128.25
17	7	10	4	13	67.19	72.823
18	7	12	2	17	27.697	28.54
19	7	13	1	19	21.026	18.119
20	8	9	7	10	213.16	241.69
21	8	10	6	12	128.32	136.17
22	8	11	5	14	67.082	73.277
23	8	13	3	18	23.426	25.258
24	8	15	1	22	15.641	14.296
25	9	10	8	11	340.04	344.82
26	9	12	6	15	66.031	67.841
27	9	13	5	17	39.359	40.731
28	9	14	4	19	26.217	26.987
29	9	15	3	21	19.418	19.992
30	9	16	2	23	15.646	15.591
31	9	17	1	25	13.143	12.136
32	10	11	9	12	249.62	258.83
33	10	12	8	14	103.24	107.45
34	10	13	7	16	55.304	56.748
35	10	14	6	18	33.591	33.96
36	10	15	5	20	24.514	24.939
37	10	16	4	22	19.718	19.738
38	10	17	3	24	14.276	14.356
39	10	18	2	26	12.752	12.674
40	10	19	1	28	10.505	10.022
41	11	12	10	13	261.67	271.58
42	11	13	9	15	104.66	111.25
43	11	14	8	17	54.396	56.613
44	11	15	7	19	34.849	35.246
45	11	16	6	21	26.978	26.739
46	11	17	5	23	17.375	17.721
47	11	18	4	25	14.862	14.947
48	11	19	3	27	11.648	11.587
49	11	20	2	29	10.667	10.471
50	11	21	1	31	9.2042	8.7724
51	12	13	11	14	273.44	288
52	12	14	10	16	98.825	107.02
53	12	15	9	18	44.759	47.393
54	12	16	8	20	33.622	33.337
55	12	18	6	24	18.02	18.576
56	12	19	5	26	13.403	13.565
57	12	20	4	28	11.828	11.956
58	12	21	3	30	9.7991	9.9161
59	12	22	2	32	9.2459	9.376
60	13	14	12	15	221.28	239.02
61	13	15	11	17	110.62	122.78
62	13	16	10	19	54.341	55.789
63	13	18	8	23	20.816	21.743
64	13	19	7	25	15.36	15.599
65	13	20	6	27	13.21	13.42
66	13	21	5	29	10.977	11.234
67	13	22	4	31	9.856	10.123
68	13	23	3	33	9.4636	9.6479
69	14	15	13	16	305.76	339.61
70	14	16	12	18	80.243	83.903
71	14	17	11	20	47.513	49.411
72	14	18	10	22	31.965	33.465
73	14	19	9	24	18.014	18.993
74	14	20	8	26	15.26	15.383
75	14	21	7	28	12.645	12.814
76	14	22	6	30	11.106	11.4
77	14	23	5	32	10.501	10.685
78	14	24	4	34	9.5206	9.6884
79	15	16	14	17	392.07	393.09
80	15	17	13	19	83.413	88.771
81	15	18	12	21	47.096	49.341
82	15	20	10	25	19.706	20.553
83	15	21	9	27	14.156	14.348
84	15	22	8	29	12.614	12.815
85	15	23	7	31	11.594	11.724
86	15	24	6	33	10.095	10.222
87	15	25	5	35	9.4319	9.6091
88	16	17	15	18	205.41	235.65
89	16	18	14	20	74.138	84.964
90	16	19	13	22	34.279	37.019
91	16	20	12	24	24.271	26.693
92	16	21	11	26	17.194	17.439
93	16	22	10	28	14.937	15.802
94	16	23	9	30	12.494	12.744
95	16	24	8	32	10.316	10.669
96	16	25	7	34	9.6165	9.8677
97	16	26	6	36	8.7774	9.0506
98	17	18	16	19	429.18	444.56
99	17	19	15	21	80.963	92.586
100	17	20	14	23	33.3	35.97
101	17	21	13	25	22.609	23.353
102	17	22	12	27	18.103	18.507
103	17	23	11	29	16.025	16.117
104	17	24	10	31	12.036	12.254
105	17	25	9	33	10.131	10.331
106	17	26	8	35	9.5916	10.059
107	17	27	7	37	8.7871	8.9661
108	18	19	17	20	89.86	102.91
109	18	20	16	22	61.934	64.748
110	18	21	15	24	27.226	28.609
111	18	22	14	26	21.797	22.345
112	18	23	13	28	19.433	19.232
113	18	24	12	30	13.622	13.719
114	18	25	11	32	11.177	11.285
115	18	26	10	34	10.041	10.237
116	18	27	9	36	9.2076	9.2973
117	18	28	8	38	8.0836	8.2492
118	19	20	18	21	245.92	266.29
119	19	21	17	23	59.878	63.398
120	19	22	16	25	41.639	42.99
121	19	23	15	27	28.71	28.863
122	19	24	14	29	19.186	19.087
123	19	25	13	31	14.215	14.277
124	19	26	12	33	11.596	11.771
125	19	27	11	35	11.071	11.214
126	19	28	10	37	9.3114	9.4674
127	19	29	9	39	8.5386	8.7407
128	20	21	19	22	153.18	173.09
129	20	22	18	24	62.217	68.995
130	20	23	17	26	42.906	43.51
131	20	24	16	28	28.226	28.028
132	20	25	15	30	19.646	19.972
133	20	26	14	32	13.766	14.168
134	20	27	13	34	12.063	12.208
135	20	28	12	36	10.265	10.355
136	20	29	11	38	9.1766	9.4251
137	20	30	10	40	8.8389	8.9306
138	21	22	20	23	181.48	208.92
139	21	23	19	25	69.91	74.889
140	21	24	18	27	43.246	44.098
141	21	25	17	29	29.57	32.28
142	21	26	16	31	20.134	20.034
143	21	27	15	33	14.388	14.545
144	21	28	14	35	12.214	12.326
145	21	29	13	37	10.58	10.749
146	21	30	12	39	9.5945	9.6273
147	21	31	11	41	8.8976	9.0986
148	22	23	21	24	217.65	234.28
149	22	24	20	26	62.284	64.75
150	22	25	19	28	35.736	36.054
151	22	26	18	30	26.354	26.844
152	22	27	17	32	19.39	21.749
153	22	28	16	34	14.861	14.724
154	22	29	15	36	12.279	12.318
155	22	30	14	38	10.39	10.366
156	22	31	13	40	9.6984	9.6196
157	22	32	12	42	8.3165	8.3153
158	23	24	22	25	151.35	187.52
159	23	25	21	27	48.468	53.668
160	23	26	20	29	28.752	29.983
161	23	27	19	31	23.047	23.641
162	23	28	18	33	15.216	16.038
163	23	29	17	35	13.524	13.791
164	23	30	16	37	11.363	11.46
165	23	31	15	39	9.581	9.6935
166	23	32	14	41	8.6661	8.7586
167	23	33	13	43	7.6078	7.6899
168	24	25	23	26	172.73	191.31
169	24	26	22	28	54.188	60.126
170	24	27	21	30	30.656	32.468
171	24	28	20	32	22.582	22.835
172	24	29	19	34	16.346	16.852
173	24	30	18	36	15.206	15.536
174	24	31	17	38	11.772	11.731
175	24	32	16	40	10.43	10.422
176	24	33	15	42	8.6779	8.7428
177	24	34	14	44	7.4273	7.4556
178	25	26	24	27	147.64	180.09
179	25	27	23	29	64.03	67.72
180	25	28	22	31	29.242	31.578
181	25	29	21	33	20.286	21.328
182	25	30	20	35	18.71	18.895
183	25	31	19	37	13.975	14.014
184	25	32	18	39	12.022	12.023
185	25	33	17	41	10.765	10.744
186	25	34	16	43	8.646	8.6595
187	25	35	15	45	7.5822	7.5805
188	26	27	25	28	163.91	183.71
189	26	28	24	30	55.58	60.249
190	26	29	23	32	35.784	38.68
191	26	30	22	34	25.577	26.549
192	26	31	21	36	18.844	18.718
193	26	32	20	38	14.298	14.218
194	26	33	19	40	12.283	12.241
195	26	34	18	42	10.116	10.087
196	26	35	17	44	8.4964	8.4803
197	26	36	16	46	8.192	8.1883
198	27	28	26	29	128.93	155.07
199	27	29	25	31	78.513	95.274
200	27	30	24	33	32.777	34.674
201	27	31	23	35	28.976	29.441
202	27	32	22	37	18.21	18.319
203	27	33	21	39	14.125	14.051
204	27	34	20	41	11.775	11.885
205	27	35	19	43	9.2635	9.2468
206	27	36	18	45	8.9932	8.9473
207	27	37	17	47	8.1467	8.1788
208	28	29	27	30	356.13	393.13
209	28	30	26	32	70.953	81.192
210	28	31	25	34	42.681	45.59
211	28	32	24	36	28.13	28.051
212	28	33	23	38	21.238	21.037
213	28	34	22	40	15.07	15.295
214	28	35	21	42	11.084	11.13
215	28	36	20	44	10.047	10.124
216	28	37	19	46	9.3617	9.353
217	28	38	18	48	8.2836	8.2851
218	29	30	28	31	378.49	383.87
219	29	31	27	33	65.69	74.785
220	29	32	26	35	49.971	52.412
221	29	33	25	37	28.114	28.266
222	29	34	24	39	17.716	18.773
223	29	35	23	41	14.845	14.712
224	29	36	22	43	11.49	11.724
225	29	37	21	45	10.427	10.315
226	29	38	20	47	9.1331	9.0756
227	29	39	19	49	7.8828	7.9213
228	30	31	29	32	440.72	469.25
229	30	32	28	34	111.17	120.59
230	30	33	27	36	52.497	53.591
231	30	34	26	38	22.038	23.27
232	30	36	24	42	13.549	13.874
233	30	37	23	44	12.292	12.216
234	30	38	22	46	10.508	10.503
235	30	39	21	48	8.3479	8.475
236	30	40	20	50	7.5748	7.5877
237	31	32	30	33	463.92	475.14
238	31	33	29	35	180.92	194.52
239	31	34	28	37	32.795	35.576
240	31	35	27	39	21.904	21.614
241	31	36	26	41	17.647	18.069
242	31	37	25	43	13.647	13.603
243	31	38	24	45	11.892	11.812
244	31	39	23	47	10.156	10.143
245	31	40	22	49	8.1985	8.2826
246	31	41	21	51	7.3113	7.4333
247	32	33	31	34	658.94	678.24
248	32	34	30	36	124.42	128.97
249	32	35	29	38	29.788	33.687
250	32	36	28	40	22.903	24.646
251	32	37	27	42	17.085	17.478
252	32	38	26	44	13.502	13.73
253	32	39	25	46	11.51	11.544
254	32	40	24	48	9.1107	9.1644
255	32	41	23	50	8.8086	8.8706
256	32	42	22	52	8.0533	8.1662
257	33	34	32	35	442.09	433.55
258	33	35	31	37	70.418	79.453
259	33	36	30	39	29.202	32.576
260	33	37	29	41	25.041	26.072
261	33	38	28	43	16.055	15.961
262	33	39	27	45	13.28	13.252
263	33	40	26	47	10.224	10.259
264	33	41	25	49	9.3285	9.3708
265	33	42	24	51	9.2246	9.2663
266	33	43	23	53	8.1444	8.2835
267	34	35	33	36	662.35	640.14
268	34	36	32	38	130.19	144.76
269	34	37	31	40	45.725	48.705
270	34	38	30	42	26.172	27.139
271	34	39	29	44	16.985	17.313
272	34	40	28	46	13.173	13.149
273	34	41	27	48	10.98	11.04
274	34	42	26	50	10.738	10.816
275	34	43	25	52	9.1489	9.332
276	34	44	24	54	8.4282	8.5137
277	35	36	34	37	678.64	685.11
278	35	37	33	39	158.62	160.86
279	35	38	32	41	58.831	61.547
280	35	39	31	43	26.999	27.659
281	35	40	30	45	18.133	18.019
282	35	41	29	47	14.475	14.435
283	35	42	28	49	12.814	12.697
284	35	43	27	51	10.879	11.006
285	35	44	26	53	9.1699	9.2325
286	35	45	25	55	8.0825	8.2618
287	36	37	35	38	478.98	441.96
288	36	38	34	40	125.4	120.88
289	36	39	33	42	54.247	54.979
290	36	40	32	44	23.811	23.541
291	36	42	30	48	15.34	16.096
292	36	43	29	50	12.401	12.407
293	36	44	28	52	9.8693	9.8382
294	36	45	27	54	8.8444	8.831
295	36	46	26	56	7.7075	7.7287
296	37	38	36	39	349.3	374.63
297	37	39	35	41	84.984	91.083
298	37	40	34	43	37.584	39.014
299	37	42	32	47	19.758	20.435
300	37	43	31	49	14.266	14.38
301	37	44	30	51	11.558	11.527
302	37	45	29	53	9.1536	9.2964
303	37	46	28	55	8.0545	8.1887
304	38	39	37	40	294.21	318.32
305	38	40	36	42	84.676	97.097
306	38	41	35	44	34.3	35.591
307	38	42	34	46	29.886	31.443
308	38	43	33	48	18.228	18.38
309	38	44	32	50	13.535	13.552
310	38	45	31	52	10.558	10.619
311	38	46	30	54	9.416	9.4988
312	38	47	29	56	8.2258	8.2253
313	38	48	28	58	7.5836	7.6805
314	39	40	38	41	233.59	255.97
315	39	41	37	43	111.74	120.64
316	39	42	36	45	43.726	47.974
317	39	43	35	47	24.395	25.648
318	39	44	34	49	17.256	18.373
319	39	45	33	51	13.158	13.17
320	39	46	32	53	10.456	10.544
321	39	47	31	55	9.5631	9.6208
322	39	49	29	59	6.8387	7.4593
323	40	41	39	42	407.91	503.38
324	40	42	38	44	84.442	91.515
325	40	43	37	46	47.414	48.23
326	40	44	36	48	25.037	27.943
327	40	45	35	50	16.534	16.651
328	40	46	34	52	13.226	13.606
329	40	47	33	54	12.265	12.103
330	40	48	32	56	10.067	9.975
331	40	49	31	58	8.6731	8.7264
332	40	50	30	60	8.1825	7.5611
333	41	42	40	43	444.2	509.21
334	41	43	39	45	78.405	78.827
335	41	44	38	47	43.466	44.074
336	41	45	37	49	26.269	26.906
337	41	46	36	51	18.202	18.79
338	41	47	35	53	13.577	13.663
339	41	48	34	55	11.679	11.777
340	41	50	32	59	7.7859	8.5364
341	41	51	31	61	7.4178	7.5168
342	42	43	41	44	340.4	430.11
343	42	44	40	46	71.448	77.385
344	42	45	39	48	29.339	30.201
345	42	46	38	50	22.44	22.843
346	42	47	37	52	16.908	17.256
347	42	48	36	54	13.538	13.689
348	42	49	35	56	9.7376	9.6586
349	42	50	34	58	8.6316	8.6683
350	42	51	33	60	8.4996	7.6605
351	42	52	32	62	6.9884	7.0358
352	43	44	42	45	363.64	412.87
353	43	45	41	47	108.25	108.71
354	43	46	40	49	32.053	32.522
355	43	47	39	51	22.933	22.836
356	43	48	38	53	16.983	16.711
357	43	49	37	55	12.707	12.577
358	43	51	35	59	7.5709	8.3374
359	43	52	34	61	7.4112	7.3642
360	43	53	33	63	6.8705	6.8973
361	44	45	43	46	129.24	143.94
362	44	46	42	48	59.315	64.653
363	44	47	41	50	35.996	37.018
364	44	48	40	52	20.519	20.527
365	44	49	39	54	15.456	15.993
366	44	50	38	56	11.968	12.013
367	44	51	37	58	10.378	10.27
368	44	52	36	60	9.7147	8.5579
369	44	53	35	62	7.1984	7.2412
370	44	54	34	64	6.4499	6.549
371	45	46	44	47	135.91	142.55
372	45	47	43	49	66.302	72.443
373	45	48	42	51	46.576	48.622
374	45	49	41	53	23.583	33.874
375	45	50	40	55	15.354	15.757
376	45	52	38	59	9.9882	11.011
377	45	53	37	61	8.8468	8.8238
378	45	54	36	63	7.4459	7.521
379	45	55	35	65	6.7207	6.838
380	46	47	45	48	145.38	157.38
381	46	48	44	50	71.802	72.777
382	46	49	43	52	37.882	39.495
383	46	50	42	54	27.482	28.365
384	46	52	40	58	12.926	12.639
385	46	53	39	60	11.786	10.184
386	46	54	38	62	8.6503	8.5789
387	46	55	37	64	7.9922	7.9782
388	46	56	36	66	7.0393	7.5247
389	47	48	46	49	165.13	175.97
390	47	49	45	51	57.495	61.026
391	47	50	44	53	29.817	30.433
392	47	51	43	55	22.664	24.314
393	47	53	41	59	10.802	11.994
394	47	54	40	61	8.5917	8.5522
395	47	55	39	63	8.3739	8.3441
396	47	56	38	65	7.5195	7.7275
397	47	57	37	67	6.7562	82.548
398	48	49	47	50	123.08	134.87
399	48	50	46	52	43.052	47.325
400	48	51	45	54	26.391	27.939
401	48	52	44	56	19.325	22.405
402	48	53	43	58	14.615	14.658
403	48	54	42	60	13.047	12.04
404	48	55	41	62	8.9783	8.8467
405	48	56	40	64	7.8492	7.9342
406	48	57	39	66	6.9021	70.679
407	48	58	38	68	6.3773	6.6241
408	49	50	48	51	161.54	180.15
409	49	51	47	53	53.032	58.59
410	49	52	46	55	30.154	31.295
411	49	54	44	59	12.267	14.025
412	49	55	43	61	11.545	11.531
413	49	56	42	63	10.434	10.473
414	49	58	40	67	6.9132	7.5192
415	49	59	39	69	7.4734	6.6535
416	50	51	49	52	174.36	189.4
417	50	52	48	54	68.016	71.749
418	50	53	47	56	29.565	30.49
419	50	54	46	58	18.789	18.775
420	50	55	45	60	18.363	13.928
421	50	56	44	62	11.75	11.719
422	50	58	42	66	8.5106	9.0159
423	50	59	41	68	8.4075	7.2787
424	50	60	40	70	5.7761	6.627
425	51	52	50	53	202.63	228.98
426	51	53	49	55	53.182	57.754
427	51	55	47	59	17.418	20.951
428	51	56	46	61	13.739	13.728
429	51	58	44	65	9.0817	9.321
430	51	59	43	67	9.7907	8.5213
431	51	60	42	69	6.7937	7.8425
432	51	61	41	71	6.8438	6.8449
433	52	53	51	54	189.64	217.78
434	52	54	50	56	55.363	61.612
435	52	55	49	58	31.168	31.578
436	52	56	48	60	26.679	18.612
437	52	58	46	64	10.02	10.231
438	52	59	45	66	10.221	8.5688
439	52	60	44	68	6.7093	8.0469
440	52	61	43	70	7.3622	7.3769
441	52	62	42	72	6.6605	6.659
442	53	54	52	55	218.05	256.17
443	53	56	50	59	19.913	27.994
444	53	58	48	63	12.644	13.153
445	53	59	47	65	12.324	10
446	53	60	46	67	7.3103	8.9568
447	53	61	45	69	7.9505	7.9903
448	53	62	44	71	7.0856	7.1163
449	53	63	43	73	6.3304	6.3866
450	54	55	53	56	272.1	292.9
451	54	56	52	58	72.677	75.01
452	54	58	50	62	16.165	17.06
453	54	59	49	64	17.699	13.686
454	54	60	48	66	9.3961	11.445
455	54	61	47	68	9.8616	9.7952
456	54	62	46	70	7.9834	7.9873
457	54	63	45	72	7.1532	7.1665
458	54	64	44	74	6.2981	6.2758
459	55	56	54	57	176.98	151.43
460	55	58	52	61	22.004	23.46
461	55	59	51	63	23.184	15.998
462	55	60	50	65	9.1979	12.681
463	55	61	49	67	10.529	10.384
464	55	62	48	69	8.9016	8.9533
465	55	63	47	71	7.6603	7.7104
466	55	64	46	73	6.5235	6.5726
467	55	65	45	75	6.0261	6.1545
468	56	57	55	58	250.9	206.47
469	56	58	54	60	126.98	60.832
470	56	59	53	62	40.934	21.356
471	56	60	52	64	11.547	18.76
472	56	61	51	66	12.224	11.709
473	56	62	50	68	9.5574	9.4738
474	56	63	49	70	8.1031	7.8695
475	56	64	48	72	7.46	7.4105
476	56	65	47	74	6.5813	6.5953
477	56	66	46	76	5.6545	5.7238
478	57	58	56	59	77.191	99.588
479	58	59	57	60	115.99	116.01
480	58	60	56	62	32.924	63.898
481	58	61	55	64	32.667	31.955
482	58	62	54	66	15.247	14.613
483	58	63	53	68	11.795	11.392
484	58	64	52	70	9.8469	9.606
485	58	65	51	72	8.9867	8.9255
486	58	66	50	74	7.082	7.0184
487	58	67	49	76	6.2875	6.309
488	58	68	48	78	5.9063	5.9176
489	59	62	56	65	12.069	23.225
490	59	63	55	67	9.7787	15.258
491	59	64	54	69	7.5185	10.656
492	59	65	53	71	7.6163	10.012
493	59	66	52	73	6.3062	8.1399
494	59	67	51	75	5.3897	6.8479
495	59	68	50	77	4.966	6.1457
496	59	69	49	79	4.5434	5.599
497	60	61	59	62	151.88	221.41
498	60	62	58	64	136.13	54.049
499	60	64	56	68	24.332	13.361
500	60	65	55	70	17.195	11.104
501	60	66	54	72	11.809	8.616
502	60	67	53	74	9.3689	7.0306
503	60	68	52	76	8.2341	6.3785
504	60	69	51	78	7.1048	5.7594
505	60	70	50	80	6.3802	5.3224
506	61	62	60	63	115.71	216.8
507	61	63	59	65	114.96	30.944
508	61	64	58	67	15.576	15.823
509	61	66	56	71	10.08	9.5219
510	61	67	55	73	7.9984	7.7467
511	61	68	54	75	6.4796	6.4948
512	61	69	53	77	5.9988	6.0517
513	61	70	52	79	5.4779	5.5716
514	61	71	51	81	4.9737	5.0431
515	62	63	61	64	253.97	272.23
516	62	64	60	66	23.05	41.1
517	62	65	59	68	37.048	20.915
518	62	68	56	74	8.1771	7.9876
519	62	69	55	76	6.9449	6.9353
520	62	70	54	78	6.0832	6.1801
521	62	71	53	80	5.5107	5.5794
522	62	72	52	82	5.3622	5.372
523	63	64	62	65	153.35	167.23
524	63	65	61	67	60.447	65.381
525	63	66	60	69	15.378	21.32
526	63	67	59	71	19.007	13.415
527	63	68	58	73	9.9446	10.195
528	63	70	56	77	7.3533	7.4257
529	63	71	55	79	6.1042	6.1646
530	63	72	54	81	5.5624	5.6373
531	63	73	53	83	5.4134	5.4921
532	65	67	63	69	32.501	32.905
533	65	68	62	71	16.879	17.03
534	65	69	61	73	12.332	12.418
535	65	70	60	75	8.0011	9.3964
536	65	71	59	77	8.6749	7.4372
537	65	72	58	79	6.366	6.6504
538	65	74	56	83	6.039	6.2438
539	65	75	55	85	5.1824	5.2771
540	66	67	65	68	194.5	231.24
541	66	69	63	72	21.593	22.504
542	66	70	62	74	12.422	12.678
543	66	71	61	76	9.6566	9.6706
544	66	72	60	78	7.2632	8.3346
545	66	73	59	80	8.5189	7.6249
546	66	74	58	82	7.1284	7.5852
547	66	76	56	86	5.4056	5.8897
548	67	68	66	69	174.42	191.55
549	67	69	65	71	48.778	52.613
550	67	71	63	75	12.507	12.663
551	67	72	62	77	10.178	10.12
552	67	73	61	79	8.9868	9.0888
553	67	74	60	81	7.431	8.2968
554	67	75	59	83	7.5527	6.8175
555	67	76	58	85	5.7489	6.3505
556	68	69	67	70	128.6	147.33
557	68	70	66	72	62.096	69.83
558	68	71	65	74	21.923	23.293
559	68	73	63	78	11.022	11.128
560	68	74	62	80	9.5568	9.5487
561	68	75	61	82	8.4151	8.3082
562	68	76	60	84	6.0003	6.68
563	68	77	59	86	6.2786	5.7166
564	68	78	58	88	5.2063	5.4368
565	69	70	68	71	181.78	195.02
566	69	71	67	73	59.863	63.743
567	69	72	66	75	24.108	25.068
568	69	73	65	77	16.277	16.603
569	69	75	63	81	9.2964	9.1854
570	69	76	62	83	7.7032	7.6598
571	69	77	61	85	6.3896	6.4268
572	69	78	60	87	5.2723	5.7677
573	69	79	59	89	5.7183	5.3088
574	70	71	69	72	334.74	349.34
575	70	72	68	74	60.961	64.798
576	70	73	67	76	22.35	23.078
577	70	74	66	78	16.513	17.475
578	70	75	65	80	11.564	11.488
579	70	77	63	84	6.9432	6.8528
580	70	78	62	86	6.1685	6.1116
581	70	79	61	88	5.8473	5.8132
582	70	80	60	90	4.7068	5.1642
583	71	72	70	73	320.22	329.08
584	71	73	69	75	62.951	68.365
585	71	74	68	77	26.268	26.461
586	71	75	67	79	15.2	15.524
587	71	76	66	81	11.656	11.617
588	71	77	65	83	9.1418	8.9919
589	71	79	63	87	6.4102	6.3307
590	71	80	62	89	5.6271	5.6593
591	71	81	61	91	5.1409	5.1994
592	72	73	71	74	448.81	481.93
593	72	74	70	76	73.546	80.894
594	72	75	69	78	26.203	26.776
595	72	76	68	80	15.896	16.572
596	72	77	67	82	11.724	11.629
597	72	78	66	84	8.5769	8.4691
598	72	79	65	86	7.597	7.5147
599	72	81	63	90	5.5028	5.5474
600	72	82	62	92	4.9616	5.0603
601	73	74	72	75	353.11	374.72
602	73	75	71	77	62.042	65.933
603	73	76	70	79	22.043	23.688
604	73	77	69	81	13.193	13.47
605	73	78	68	83	10.037	9.7769
606	73	79	67	85	7.8876	7.7344
607	73	80	66	87	6.5012	6.4402
608	73	81	65	89	5.8465	5.8501
609	73	83	63	93	4.8333	4.9229
610	74	75	73	76	217.16	240.6
611	74	76	72	78	61.481	66.34
612	74	77	71	80	19.469	20.653
613	74	78	70	82	13.191	13.089
614	74	79	69	84	9.0555	8.8426
615	74	80	68	86	6.8733	6.8228
616	74	81	67	88	5.9358	5.8994
617	74	82	66	90	5.1185	5.2184
618	74	83	65	92	5.1612	5.264
619	75	76	74	77	206.23	229.93
620	75	77	73	79	49.728	56.145
621	75	78	72	81	23.095	24.497
622	75	79	71	83	13.178	13.099
623	75	80	70	85	8.5007	8.5718
624	75	81	69	87	6.796	6.827
625	75	82	68	89	5.6896	5.8251
626	75	83	67	91	5.4769	5.6108
627	75	84	66	93	5.1268	5.2714
628	75	85	65	95	4.7765	4.9002
629	76	77	75	78	91.076	96.673
630	76	78	74	80	41.432	42.944
631	76	79	73	82	23.896	23.821
632	76	80	72	84	11.805	11.775
633	76	81	71	86	7.9001	7.8853
634	76	82	70	88	6.428	6.5498
635	76	83	69	90	6.1716	6.2578
636	76	84	68	92	5.6527	5.7818
637	76	85	67	94	4.9617	5.0467
638	76	86	66	96	4.5378	4.6493
639	77	78	76	79	123.2	134.83
640	77	79	75	81	40.302	42.154
641	77	80	74	83	22.025	21.876
642	77	81	73	85	12.674	13.173
643	77	82	72	87	8.4152	8.508
644	77	83	71	89	7.3988	7.5016
645	77	84	70	91	6.6228	6.7151
646	77	85	69	93	5.6163	5.712
647	77	86	68	95	4.9603	5.093
648	77	87	67	97	4.5665	4.669
649	78	79	77	80	113.53	129.56
650	78	80	76	82	34.546	36.813
651	78	81	75	84	17.588	17.636
652	78	82	74	86	12.583	13.26
653	78	83	73	88	10.048	10.246
654	78	84	72	90	7.9392	8.0957
655	78	85	71	92	6.3626	6.5195
656	78	86	70	94	5.439	5.6115
657	78	87	69	96	4.8232	5.0004
658	78	88	68	98	4.4523	4.5614
659	79	80	78	81	64.054	81.806
660	79	81	77	83	24.453	26.355
661	79	82	76	85	13.828	15.139
662	79	83	75	87	12.524	12.918
663	79	84	74	89	10.368	10.617
664	79	85	73	91	7.6961	7.9163
665	79	86	72	93	5.999	6.1839
666	79	87	71	95	5.0977	5.296
667	79	88	70	97	4.6878	4.8361
668	79	89	69	99	4.2981	4.4364
669	80	81	79	82	110.57	141.55
670	80	82	78	84	25.227	28.42
671	80	83	77	86	17.927	18.566
672	80	84	76	88	13.61	13.82
673	80	85	75	90	10.274	10.296
674	80	86	74	92	8.3411	8.4764
675	80	87	73	94	6.4766	6.6082
676	80	88	72	96	5.3854	5.4582
677	80	89	71	98	4.7542	4.8723
678	80	90	70	100	4.4097	4.5446
679	81	82	80	83	52.241	72.957
680	81	83	79	85	37.998	41.996
681	81	84	78	87	18.997	19.184
682	81	85	77	89	12.537	12.628
683	81	86	76	91	9.8416	9.9476
684	81	87	75	93	7.9732	8.0176
685	81	88	74	95	6.8381	6.9048
686	81	89	73	97	5.7298	5.8344
687	81	90	72	99	4.9227	5.0163
688	81	91	71	101	4.4666	4.5968
689	82	83	81	84	119.66	146.72
690	82	84	80	86	37.547	39.196
691	82	85	79	88	21.107	20.115
692	82	86	78	90	13.407	12.986
693	82	87	77	92	9.9978	9.8847
694	82	88	76	94	8.1999	8.0737
695	82	89	75	96	7.0224	6.9303
696	82	90	74	98	6.2571	6.2103
697	82	91	73	100	5.3692	5.407
698	82	92	72	102	4.5489	4.6162
699	83	84	82	85	83.096	100.79
700	83	85	81	87	28.563	28.192
701	83	86	80	89	15.646	15.155
702	83	87	79	91	11.451	11.054
703	83	88	78	93	8.4254	8.2063
704	83	89	77	95	7.0061	6.9055
705	83	90	76	97	6.2817	6.2263
706	83	91	75	99	5.6154	5.6044
707	83	92	74	101	4.9801	5.0137
708	83	93	73	103	4.4535	4.5637
709	84	85	83	86	101.49	109.72
710	84	86	82	88	22.66	22.951
711	84	87	81	90	13.262	13.009
712	84	88	80	92	9.5237	9.2884
713	84	89	79	94	7.6541	7.4074
714	84	90	78	96	6.3885	6.2394
715	84	91	77	98	5.6718	5.6376
716	84	92	76	100	5.0418	5.0342
717	84	93	75	102	4.6474	4.7206
718	84	94	74	104	4.2822	4.3987
719	85	86	84	87	87.274	99.214
720	85	87	83	89	29.9	31.876
721	85	88	82	91	11.785	11.996
722	85	89	81	93	8.7871	8.6402
723	85	90	80	95	7.1386	7.0181
724	85	91	79	97	6.4553	6.3481
725	85	92	78	99	5.3714	5.3512
726	85	93	77	101	4.9376	5.0199
727	85	94	76	103	4.5824	4.6702
728	85	95	75	105	4.1385	4.2491
729	86	87	85	88	76.467	80.53
730	86	88	84	90	29.787	30.996
731	86	89	83	92	15.628	15.647
732	86	90	82	94	8.3528	8.2463
733	86	91	81	96	7.1822	7.0173
734	86	92	80	98	5.9489	5.8709
735	86	93	79	100	5.5799	5.5503
736	86	94	78	102	4.8949	4.9408
737	86	95	77	104	4.4467	4.5283
738	86	96	76	106	4.0692	4.1816
739	87	88	86	89	69.31	72.507
740	87	89	85	91	26.063	25.509
741	87	90	84	93	14.671	14.309
742	87	91	83	95	10.001	9.7434
743	87	92	82	97	6.6359	6.5634
744	87	93	81	99	6.1045	6.0483
745	87	94	80	101	5.3598	5.4029
746	87	95	79	103	4.9308	4.9646
747	87	96	78	105	4.3914	4.4501
748	87	97	77	107	3.9412	4.0707
749	88	89	87	90	73.784	74.859
750	88	90	86	92	27.244	26.14
751	88	91	85	94	13.954	13.401
752	88	92	84	96	9.6871	9.4627
753	88	93	83	98	7.7269	7.7086
754	88	94	82	100	5.8886	5.9541
755	88	95	81	102	5.2689	5.3188
756	88	96	80	104	4.7998	4.87
757	88	97	79	106	4.3615	4.4539
758	88	98	78	108	3.9392	4.0736
759	89	90	88	91	67.75	67.507
760	89	91	87	93	24.999	24.526
761	89	92	86	95	12.499	12.176
762	89	93	85	97	9.7115	9.6492
763	89	94	84	99	7.7613	7.8394
764	89	95	83	101	6.3024	6.3778
765	89	96	82	103	5.075	5.2327
766	89	97	81	105	4.629	4.7357
767	89	98	80	107	4.2016	4.3356
768	89	99	79	109	3.8961	4.0792
769	90	91	89	92	87.998	91.707
770	90	92	88	94	22.342	21.928
771	90	93	87	96	13.48	13.459
772	90	94	86	98	9.2257	9.2823
773	90	95	85	100	7.4047	7.4312
774	90	96	84	102	6.369	6.4349
775	90	97	83	104	5.3773	5.5115
776	90	98	82	106	4.4771	4.5966
777	90	99	81	108	4.0963	4.2478
778	90	100	80	110	3.8029	3.9981
779	91	92	90	93	57.007	56.746
780	91	93	89	95	25.199	25.751
781	91	94	88	97	12.217	12.314
782	91	95	87	99	8.5191	8.5496
783	91	96	86	101	6.8861	6.9624
784	91	97	85	103	6.0317	6.0669
785	91	98	84	105	5.3148	5.4206
786	91	99	83	107	4.5736	4.6978
787	91	100	82	109	3.9207	4.1201
788	91	101	81	111	3.6837	3.8817
789	92	93	91	94	83.06	88.224
790	92	94	90	96	26.976	27.297
791	92	95	89	98	13.32	13.488
792	92	96	88	100	8.7098	8.7629
793	92	97	87	102	6.9912	7.0659
794	92	98	86	104	6.1268	6.2099
795	92	99	85	106	5.3174	5.4315
796	92	100	84	108	4.7846	4.9502
797	92	101	83	110	4.1916	4.3859
798	92	102	82	112	3.758	3.9811
799	93	94	92	95	56.158	59.08
800	93	95	91	97	23.736	23.806
801	93	96	90	99	11.776	11.751
802	93	97	89	101	8.2091	8.2241
803	93	98	88	103	6.6551	6.6387
804	93	99	87	105	5.7271	5.7558
805	93	100	86	107	5.0185	5.1255
806	93	101	85	109	4.5372	4.6386
807	93	102	84	111	4.1971	4.3933
808	93	103	83	113	3.7572	3.9552
809	94	95	93	96	58.009	59.812
810	94	96	92	98	19.802	19.834
811	94	97	91	100	11.523	11.326
812	94	98	90	102	8.0837	7.9736
813	94	99	89	104	6.7165	6.665
814	94	100	88	106	5.6243	5.6361
815	94	101	87	108	4.9023	4.9867
816	94	102	86	110	4.4874	4.6297
817	94	103	85	112	4.1033	4.3036
818	94	104	84	114	3.8543	4.0693
819	95	96	94	97	54.704	57.904
820	95	97	93	99	22.941	23.938
821	95	98	92	101	11.281	11.294
822	95	99	91	103	8.5547	8.4785
823	95	100	90	105	6.8768	6.8217
824	95	101	89	107	5.6739	5.6713
825	95	102	88	109	4.949	5.0841
826	95	103	87	111	4.5034	4.6312
827	95	104	86	113	4.119	4.2998
828	95	105	85	115	3.9332	4.138
829	96	97	95	98	56.31	57.617
830	96	98	94	100	20.683	21.182
831	96	99	93	102	11.934	11.947
832	96	100	92	104	8.474	8.4121
833	96	101	91	106	6.8258	6.7609
834	96	102	90	108	5.7794	5.7948
835	96	103	89	110	4.9437	5.0446
836	96	104	88	112	4.5124	4.6547
837	96	105	87	114	4.2036	4.3996
838	96	106	86	116	3.9588	4.1792
839	97	98	96	99	50.813	52.619
840	97	99	95	101	20.21	20.88
841	97	100	94	103	11.905	12.107
842	97	101	93	105	8.7259	8.7237
843	97	102	92	107	6.7792	6.7612
844	97	103	91	109	5.7848	5.8185
845	97	104	90	111	5.0692	5.1855
846	97	105	89	113	4.5606	4.7445
847	97	106	88	115	4.2267	4.4322
848	97	107	87	117	3.8636	4.107
849	98	99	97	100	46.436	48.601
850	98	100	96	102	19.202	19.861
851	98	101	95	104	11.916	12.081
852	98	102	94	106	8.619	8.714
853	98	103	93	108	6.8645	6.8693
854	98	104	92	110	5.7124	5.7463
855	98	105	91	112	5.2144	5.3783
856	98	106	90	114	4.663	4.8536
857	98	107	89	116	4.2675	4.4505
858	98	108	88	118	3.8976	4.1111
859	99	100	98	101	47.723	51.801
860	99	101	97	103	19.101	19.666
861	99	102	96	105	11.896	12.042
862	99	103	95	107	8.4507	8.4337
863	99	104	94	109	6.8045	6.8731
864	99	105	93	111	5.9791	6.1026
865	99	106	92	113	5.0827	5.2696
866	99	107	91	115	4.704	4.8549
867	99	108	90	117	4.2893	4.4124
868	99	109	89	119	3.8455	4.0447
869	100	101	99	102	35.938	38.291
870	100	102	98	104	18.518	19.069
871	100	103	97	106	11.172	11.097
872	100	104	96	108	8.242	8.2633
873	100	105	95	110	6.8683	6.9386
874	100	106	94	112	5.9541	6.0949
875	100	107	93	114	5.1956	5.349
876	100	108	92	116	4.6398	4.7974
877	100	109	91	118	4.2607	4.3863
878	100	110	90	120	3.8107	4.0178
879	101	102	100	103	39.917	43.851
880	101	103	99	105	17.745	18.168
881	101	104	98	107	11.267	11.384
882	101	105	97	109	8.5009	8.6833
883	101	106	96	111	6.9876	7.1581
884	101	107	95	113	5.852	6.0089
885	101	108	94	115	5.2045	5.3838
886	101	109	93	117	4.6441	4.7903
887	101	110	92	119	4.1583	4.2582
888	101	111	91	121	3.7561	3.9267
889	102	103	101	104	32.944	34.436
890	102	104	100	106	16.585	16.748
891	102	105	99	108	11.101	11.214
892	102	106	98	110	8.4447	8.5431
893	102	107	97	112	6.8888	6.9857
894	102	108	96	114	5.9005	5.9891
895	102	109	95	116	5.164	5.2737
896	102	110	94	118	4.5314	4.6651
897	102	111	93	120	4.0843	4.2184
898	102	112	92	122	3.6551	3.8167
899	103	104	102	105	33.506	35.241
900	103	105	101	107	16.951	17.381
901	103	106	100	109	11.54	11.778
902	103	107	99	111	8.6327	8.82
903	103	108	98	113	6.9561	7.0722
904	103	109	97	115	5.8872	5.9641
905	103	110	96	117	5.0214	5.1557
906	103	111	95	119	4.4209	4.5374
907	103	112	94	121	3.9853	4.1362
908	103	113	93	123	3.7065	3.9011
909	104	105	103	106	32.548	33.642
910	104	106	102	108	17.366	17.752
911	104	107	101	110	11.457	11.648
912	104	108	100	112	8.9927	9.0775
913	104	109	99	114	7.0412	7.1004
914	104	110	98	116	5.8896	5.9529
915	104	111	97	118	4.9527	5.0331
916	104	112	96	120	4.3955	4.5243
917	104	113	95	122	4.0054	4.1549
918	104	114	94	124	3.5682	3.7849
919	105	106	104	107	30.549	31.436
920	105	107	103	109	16.42	16.527
921	105	108	102	111	11.735	11.83
922	105	109	101	113	8.5437	8.5236
923	105	110	100	115	6.8725	6.8526
924	105	111	99	117	5.564	5.5862
925	105	112	98	119	4.7802	4.8374
926	105	113	97	121	4.2884	4.3726
927	105	114	96	123	3.7883	3.9648
928	105	115	95	125	3.488	3.6868
929	106	107	105	108	29.959	30.971
930	106	108	104	110	16.164	16.077
931	106	109	103	112	11.216	11.043
932	106	110	102	114	8.4535	8.4053
933	106	111	101	116	6.6211	6.564
934	106	112	100	118	5.4829	5.4974
935	106	113	99	120	4.815	4.8715
936	106	114	98	122	4.1059	4.2324
937	106	115	97	124	3.7573	3.8878
938	106	116	96	126	3.5007	3.663
939	107	108	106	109	30.501	31.259
940	107	109	105	111	16.035	15.925
941	107	110	104	113	10.676	10.651
942	107	111	103	115	8.0807	7.9212
943	107	112	102	117	6.5262	6.5055
944	107	113	101	119	5.526	5.4942
945	107	114	100	121	4.582	4.6757
946	107	115	99	123	4.1252	4.2505
947	107	116	98	125	3.7053	3.8293
948	107	117	97	127	3.5018	3.6831
949	108	109	107	110	29.29	29.433
950	108	110	106	112	15.841	15.894
951	108	111	105	114	10.701	10.568
952	108	112	104	116	8.0959	8.0204
953	108	113	103	118	6.6541	6.5751
954	108	114	102	120	5.4449	5.4868
955	108	115	101	122	4.6139	4.7317
956	108	116	100	124	4.0713	4.2011
957	108	117	99	126	3.905	4.0454
958	108	118	98	128	3.5302	3.6993
959	109	110	108	111	31.677	32.994
960	109	111	107	113	15.033	15.316
961	109	112	106	115	10.415	10.428
962	109	113	105	117	8.189	8.2488
963	109	114	104	119	6.3821	6.3294
964	109	115	103	121	5.3152	5.3873
965	109	116	102	123	4.5982	4.7635
966	109	117	101	125	4.188	4.3506
967	109	118	100	127	3.7808	3.9463
968	110	111	109	112	30.157	30.399
969	110	112	108	114	16.26	16.392
970	110	113	107	116	10.971	10.948
971	110	114	106	118	7.9273	8.0462
972	110	115	105	120	6.5748	6.6613
973	110	116	104	122	5.3383	5.4747
974	110	117	103	124	4.8078	4.9689
975	110	118	102	126	4.3302	4.5242
976	110	119	101	128	4.0192	4.1812
977	111	112	110	113	30.554	32.781
978	111	113	109	115	17.091	17.063
979	111	114	108	117	10.518	10.679
980	111	115	107	119	7.9855	8.1424
981	111	116	106	121	6.4411	6.5727
982	111	117	105	123	5.7742	5.9733
983	111	118	104	125	4.8389	5.04
984	111	119	103	127	4.47	4.6378
985	112	113	111	114	37.946	38.854
986	112	114	110	116	16.32	16.657
987	112	115	109	118	10.877	10.975
988	112	116	108	120	8.2261	8.3518
989	112	117	107	122	6.8938	7.0793
990	112	118	106	124	5.7358	5.9442
991	112	119	105	126	5.3371	5.5458
992	112	120	104	128	4.6411	4.7749
993	113	114	112	115	27.775	30.545
994	113	115	111	117	15.258	15.76
995	113	116	110	119	9.924	10.108
996	113	117	109	121	8.1733	8.23
997	113	118	108	123	6.5939	6.8108
998	113	119	107	125	5.8065	6.0107
999	113	120	106	127	5.0953	5.2357
1000	114	115	113	116	37.395	38.806
1001	114	116	112	118	16.591	16.917
1002	114	117	111	120	11.895	11.897
1003	114	118	110	122	8.29	8.4233
1004	114	119	109	124	7.1244	7.2339
1005	114	120	108	126	6.206	6.32
1006	114	121	107	128	5.6505	5.797
1007	115	116	114	117	27.823	29.3
1008	115	117	113	119	17.772	17.743
1009	115	118	112	121	10.7	10.686
1010	115	119	111	123	8.6618	8.6976
1011	115	120	110	125	6.8256	6.8865
1012	115	121	109	127	6.2638	6.3651
1013	116	117	115	118	36.617	37.959
1014	116	118	114	120	17.308	17.661
1015	116	119	113	122	12.445	12.492
1016	116	120	112	124	8.594	8.5956
1017	116	121	111	126	7.769	7.8485
1018	116	122	110	128	6.578	6.5395
1019	117	118	116	119	25.188	26.58
1020	117	119	115	121	16.987	16.985
1021	117	120	114	123	10.763	10.826
1022	117	121	113	125	8.9623	9.0169
1023	117	122	112	127	7.1168	7.0423
1024	118	119	117	120	42.936	44.34
1025	118	120	116	122	16.233	16.412
1026	118	121	115	124	12.064	12.117
1027	118	122	114	126	9.5232	9.4274
1028	118	123	113	128	7.7102	7.5438
1029	119	120	118	121	23.713	23.142
1030	119	121	117	123	17.859	18.068
1031	119	122	116	125	11.154	10.841
1032	119	123	115	127	8.6461	8.5109
1033	120	121	119	122	42.406	43.765
1034	120	122	118	124	17.685	17.343
1035	120	123	117	126	13.375	13.216
1036	120	124	116	128	9.5881	9.4125
1037	121	122	120	123	27.234	24.803
1038	121	123	119	125	16.633	15.879
1039	121	124	118	127	11.222	10.917
1040	122	123	121	124	30.663	31.172
1041	122	124	120	126	19.48	19.553
1042	122	125	119	128	13.607	13.506
1043	123	124	122	125	30.559	30.003
1044	123	125	121	127	18.792	18.859
1045	124	125	123	126	46.623	48.465
1046	124	126	122	128	15.651	15.158
1047	125	126	124	127	19.013	19.054
1048	126	127	125	128	61.108	65.446
