    P+   P-        C+   C-  Normalised_Error  Observed_Rho_a  Calculated_Rho_a  Original_Weight  Final_Weight    C
    4    5         3    6        0.19671        -1063.51884    -1053.11657         0.19836E+00    0.12117E+00    1
    5    6         4    7        0.02247         -801.59354     -800.62599         0.18422E+00    0.15063E+00    1
    6    7         5    8        0.03250         -818.66539     -817.26738         0.21704E+00    0.15299E+00    1
    7    9         5   11        0.16335         -559.86068     -555.31654         0.59402E+00    0.45657E+00    1
    8    9         7   10       -0.10599         -659.22406     -662.41225         0.34960E+00    0.22212E+00    1
    8   10         6   12        0.58369         -579.95281     -562.65717         0.55231E+00    0.42882E+00    1
    9   10         8   11        0.83693         -829.54586     -792.84844         0.22762E+00    0.15116E+00    1
    9   11         7   13       -0.51563         -472.92950     -485.33974         0.52689E+00    0.52689E+00    0
    9   12         6   15       -0.72425         -282.26018     -296.75401         0.94489E+00    0.94489E+00    0
   10   11         9   12        0.35069         -553.94656     -543.53684         0.28783E+00    0.21924E+00    1
   10   12         8   14       -0.61487         -231.07608     -244.98740         0.56038E+00    0.56038E+00    0
   10   13         7   16        1.01362         -234.77730     -215.53161         0.11276E+01    0.99646E+00    1
   11   12        10   13       -1.07836         -464.91500     -493.26051         0.25122E+00    0.24379E+00    1
   11   13         9   15        0.80064         -307.93598     -289.34867         0.57541E+00    0.54458E+00    1
   11   14         8   17       -0.18260         -180.41635     -183.67056         0.10620E+01    0.10620E+01    0
   12   13        11   14        0.67660         -595.42352     -571.78276         0.25793E+00    0.18100E+00    1
   12   14        10   16       -0.62153         -344.31985     -356.84333         0.62687E+00    0.62687E+00    0
   12   15         9   18       -1.16293         -155.01315     -174.19015         0.12753E+01    0.11476E+01    1
   13   14        12   15        0.36230         -432.33341     -423.35831         0.29341E+00    0.25437E+00    1
   13   15        11   17        1.36826         -405.25653     -352.57840         0.55147E+00    0.32777E+00    1
   14   16        12   18        0.03881         -180.58522     -179.90250         0.71826E+00    0.71826E+00    0
   14   17        11   20       -1.17520         -181.23413     -201.09139         0.12556E+01    0.11181E+01    1
   14   18        10   22        1.38954         -203.90680     -173.67958         0.19707E+01    0.11575E+01    1
   14   19         9   24        0.25529         -159.34293     -157.10425         0.35876E+01    0.35876E+01    0
   15   17        13   19       -0.32023         -212.23282     -218.05596         0.69471E+00    0.69471E+00    0
   15   18        12   21        1.19505         -206.28362     -185.89696         0.13013E+01    0.11073E+01    1
   15   19        11   23       -1.13847         -136.40504     -149.58204         0.23651E+01    0.21740E+01    1
   15   20        10   25        0.97777         -180.97101     -168.90653         0.33769E+01    0.25485E+01    1
   16   17        15   18       -0.43759         -474.27909     -483.48910         0.30780E+00    0.30780E+00    0
   16   18        14   20        0.08357         -257.51538     -256.14951         0.77391E+00    0.77391E+00    0
   16   19        13   22       -0.86438         -154.16845     -163.58838         0.17326E+01    0.17326E+01    0
   16   20        12   24        1.85640         -218.78941     -164.97072         0.27770E+01    0.86795E+00    1
   17   18        16   19        0.52779         -764.24959     -738.99638         0.15266E+00    0.13647E+00    1
   17   19        15   21       -1.02339         -240.15609     -259.18750         0.67951E+00    0.67951E+00    0
   17   20        14   23       -1.11518         -110.65204     -124.16982         0.16603E+01    0.15580E+01    1
   17   21        13   25       -0.40077         -129.57129     -133.24265         0.27459E+01    0.27459E+01    0
   18   19        17   20       -0.57868         -175.87405     -181.61594         0.65809E+00    0.65809E+00    0
   18   20        16   22        0.84002         -155.69146     -144.35122         0.95345E+00    0.93694E+00    1
   18   21        15   24        0.48996         -101.77725      -97.47403         0.21524E+01    0.21524E+01    0
   18   22        14   26        1.40937         -168.81163     -146.69932         0.31963E+01    0.16035E+01    1
   18   23        13   28        1.55276         -199.97833     -168.16504         0.38815E+01    0.15347E+01    1
   19   20        18   21        0.35479         -488.75729     -478.22786         0.26204E+00    0.21819E+00    1
   19   21        17   23       -0.69691         -113.76377     -123.34582         0.91915E+00    0.91915E+00    0
   19   22        16   25       -1.01415         -135.83531     -149.55031         0.13966E+01    0.13966E+01    0
   19   23        15   27        0.46604         -169.71839     -164.52307         0.22602E+01    0.22565E+01    1
   19   25        13   31       -1.65975         -162.65620     -182.46950         0.50114E+01    0.31597E+01    1
   20   21        19   22        1.21315         -428.20846     -392.82973         0.47174E+00    0.21883E+00    1
   20   22        18   24       -0.60290         -165.10023     -173.63828         0.89364E+00    0.89364E+00    0
   20   23        17   26        1.44614         -200.13968     -168.06105         0.15190E+01    0.85142E+00    1
   20   24        16   28       -0.14523         -156.81255     -158.40631         0.22933E+01    0.22933E+01    0
   20   25        15   30        1.04339         -184.98040     -173.14385         0.35471E+01    0.27708E+01    1
   21   22        20   23       -0.47158         -401.85620     -410.55171         0.34364E+00    0.34364E+00    0
   21   23        19   25        1.24652         -242.91134     -220.15441         0.89868E+00    0.69106E+00    1
   21   24        18   27       -1.27912         -164.51602     -185.43715         0.14125E+01    0.11556E+01    1
   21   25        17   29        1.83296         -261.43622     -200.15627         0.22837E+01    0.75256E+00    1
   21   26        16   31       -1.56734         -145.68900     -168.42551         0.32453E+01    0.21668E+01    1
   22   23        21   24       -0.49627         -486.38438     -496.54602         0.31712E+00    0.31006E+00    1
   22   24        20   26       -0.75472         -178.97553     -188.59652         0.98899E+00    0.98899E+00    0
   22   25        19   28       -1.20650         -160.54704     -175.02327         0.18145E+01    0.15738E+01    1
   22   26        18   30       -0.57744         -149.06990     -155.15122         0.23894E+01    0.23894E+01    0
   22   28        16   34        0.35023         -156.57607     -153.53206         0.47237E+01    0.43399E+01    1
   23   24        22   25        0.47896         -428.30443     -416.38517         0.41607E+00    0.25554E+00    1
   23   25        21   27        0.47293         -153.71961     -148.50718         0.12060E+01    0.11420E+01    1
   23   26        20   29        0.62711         -138.54930     -133.18833         0.22077E+01    0.22077E+01    0
   23   27        19   31        2.12646         -213.02206     -140.91112         0.32931E+01    0.74200E+00    1
   23   29        17   35        0.50615         -149.71583     -145.68927         0.50833E+01    0.47435E+01    1
   23   32        14   41        1.68738         -189.97395     -159.06891         0.92181E+01    0.30892E+01    1
   24   25        23   26       -0.00704         -353.86488     -353.98641         0.36848E+00    0.36848E+00    0
   24   26        22   28        1.10503         -197.13252     -184.04954         0.11240E+01    0.10644E+01    1
   24   27        21   30       -1.38554         -138.81087     -156.20632         0.19905E+01    0.15034E+01    1
   24   29        19   34        0.46142         -144.25756     -140.69390         0.40729E+01    0.40729E+01    0
   24   30        18   36        1.61282         -177.12292     -145.80336         0.46055E+01    0.19444E+01    1
   24   32        16   40       -1.42713         -139.54912     -154.56059         0.65233E+01    0.47834E+01    1
   25   26        24   27        0.42919         -425.87800     -415.66928         0.44236E+00    0.26699E+00    1
   25   27        23   29       -0.92809         -201.55808     -213.64834         0.96677E+00    0.96677E+00    0
   25   28        22   31       -0.92820         -125.18555     -133.92876         0.20039E+01    0.20039E+01    0
   25   29        21   33       -0.40472          -99.66659     -103.20518         0.28778E+01    0.28778E+01    0
   25   30        20   35        1.06517         -157.74560     -146.38818         0.36000E+01    0.29500E+01    1
   25   32        18   39       -1.70250         -118.74365     -141.54034         0.53527E+01    0.32902E+01    1
   25   33        17   41        1.51824         -184.39372     -159.69306         0.70453E+01    0.30927E+01    1
   26   27        25   28       -0.63256         -381.38175     -392.74663         0.40505E+00    0.35221E+00    1
   26   28        24   30        0.39346         -195.35048     -190.34077         0.11170E+01    0.99062E+00    1
   26   29        23   32       -1.48903         -105.02625     -133.52597         0.15096E+01    0.98658E+00    1
   26   30        22   34        0.03376         -158.73733     -158.39349         0.24697E+01    0.24697E+01    0
   26   31        21   36        1.28683         -150.45487     -132.67674         0.35855E+01    0.22774E+01    1
   26   32        20   38       -1.44491         -113.25020     -130.15698         0.44531E+01    0.32252E+01    1
   27   28        26   29        0.03825         -306.77745     -306.13726         0.46895E+00    0.37829E+00    1
   27   29        25   31        0.91892         -409.65710     -388.70523         0.79641E+00    0.55293E+00    1
   27   30        24   33       -1.21839         -120.63631     -135.80530         0.17671E+01    0.15178E+01    1
   27   31        23   35        0.60568         -177.26978     -170.23231         0.22316E+01    0.21669E+01    1
   27   32        22   37       -1.51820          -96.26854     -117.42657         0.32750E+01    0.22574E+01    1
   27   33        21   39       -1.24563         -118.51686     -130.75188         0.45769E+01    0.38451E+01    1
   28   29        27   30        1.73184        -1049.56877     -886.82215         0.21940E+00    0.67591E-01    1
   28   30        26   32       -1.07111         -259.27618     -276.05931         0.82440E+00    0.80545E+00    1
   28   31        25   34       -0.48204         -245.19991     -251.14339         0.15328E+01    0.15328E+01    0
   28   32        24   36        0.36514         -134.04975     -129.86308         0.21988E+01    0.21988E+01    0
   28   33        23   38       -1.08176         -136.77241     -148.52200         0.29945E+01    0.28968E+01    1
   29   30        28   31        1.27714        -1247.31712    -1154.87672         0.26510E+00    0.88255E-01    1
   29   31        27   33       -0.80365         -235.58334     -246.98257         0.89064E+00    0.89064E+00    0
   29   33        25   37       -0.71840         -180.25264     -187.89912         0.23675E+01    0.23675E+01    0
   29   35        23   41       -0.89431         -141.08262     -148.50922         0.45498E+01    0.45498E+01    0
   29   36        22   43        1.29635         -150.12041     -135.29016         0.59998E+01    0.38534E+01    1
   30   31        29   32       -1.81805         -947.87236    -1078.45965         0.15541E+00    0.89455E-01    1
   30   33        27   36        1.34486         -285.25254     -259.72677         0.12975E+01    0.99801E+00    1
   30   34        26   38        0.32036         -167.10734     -163.94486         0.30042E+01    0.25517E+01    1
   30   35        25   40        0.49027         -156.59366     -152.52012         0.38981E+01    0.37944E+01    1
   30   37        23   44       -1.20284         -119.57727     -131.18757         0.52530E+01    0.45701E+01    1
   31   32        30   33        0.15989         -990.02488     -981.28946         0.15521E+00    0.11844E+00    1
   31   33        29   35        0.85491         -970.89449     -932.83656         0.42365E+00    0.28509E+00    1
   31   35        27   39        0.98682         -150.73132     -142.11638         0.31941E+01    0.28931E+01    1
   31   36        26   41        1.46599         -193.96921     -168.67915         0.41913E+01    0.18283E+01    1
   31   37        25   43        1.13617         -136.77356     -126.85742         0.50002E+01    0.43340E+01    1
   31   39        23   47        1.22115         -132.74179     -118.43759         0.66412E+01    0.43073E+01    1
   32   33        31   34        1.90337        -2056.77124    -1706.21426         0.13788E+00    0.35385E-01    1
   32   34        30   36        1.72519         -634.41866     -525.69994         0.63171E+00    0.20207E+00    1
   32   35        29   38       -0.27562         -115.26658     -118.15270         0.18108E+01    0.18108E+01    0
   32   37        27   42       -0.04953         -130.91796     -131.33459         0.37491E+01    0.37491E+01    0
   32   39        25   46        0.09969         -127.51537     -126.72159         0.57654E+01    0.55488E+01    1
   32   40        24   48       -0.73364         -114.11806     -119.26167         0.72177E+01    0.72177E+01    0
   33   35        31   37        1.13575         -242.86411     -217.69114         0.82757E+00    0.57559E+00    1
   33   36        30   39       -1.10882         -141.98600     -153.23436         0.19898E+01    0.18780E+01    1
   33   37        29   41        1.86899         -201.70164     -146.63996         0.27612E+01    0.85892E+00    1
   33   38        28   43        1.70743         -140.05234     -106.66863         0.43339E+01    0.16151E+01    1
   33   39        27   45       -1.13570         -111.31568     -120.96823         0.48412E+01    0.44609E+01    1
   33   40        26   47       -0.11065         -110.99526     -111.81030         0.64338E+01    0.60185E+01    1
   34   35        33   36       -1.32849        -1221.87440    -1325.29388         0.10923E+00    0.86047E-01    1
   34   36        32   38        0.78382         -454.96718     -432.42428         0.45795E+00    0.44461E+00    1
   34   37        31   40       -1.90429         -176.89880     -234.98875         0.12676E+01    0.62605E+00    1
   34   38        30   42        0.42457         -140.20410     -135.56343         0.23145E+01    0.23145E+01    0
   34   39        29   44       -0.87829          -91.88169      -99.90131         0.34675E+01    0.34675E+01    0
   34   40        28   46       -1.10178         -108.05833     -117.17718         0.48435E+01    0.46004E+01    1
   35   36        34   37        1.12991        -2011.61965    -1889.65005         0.12878E+00    0.62777E-01    1
   35   37        33   39       -2.36585         -426.97439     -766.71083         0.39136E+00    0.89830E-01    1
   35   38        32   41        1.38290         -300.84142     -260.58267         0.10914E+01    0.65659E+00    1
   35   39        31   43        0.80920         -131.78375     -122.53924         0.22243E+01    0.22243E+01    0
   35   40        30   45       -1.65160          -94.46149     -120.48008         0.33200E+01    0.20210E+01    1
   35   41        29   47        0.54250         -138.10795     -133.29785         0.46196E+01    0.42993E+01    1
   35   44        26   53       -1.47938         -133.76649     -150.18198         0.72473E+01    0.51266E+01    1
   35   45        25   55        0.59903         -153.46995     -148.02304         0.85364E+01    0.69574E+01    1
   36   37        35   38        0.47820         -837.35961     -813.71174         0.15651E+00    0.13824E+00    1
   36   38        34   40       -2.22783         -240.26466     -455.52435         0.48818E+00    0.13470E+00    1
   36   39        33   42       -1.66484         -108.84651     -172.94416         0.10139E+01    0.49870E+00    1
   36   40        32   44       -1.18640          -50.90650      -67.38456         0.23190E+01    0.18455E+01    1
   36   42        30   48        1.37604         -177.14028     -155.29296         0.43608E+01    0.24040E+01    1
   36   44        28   52        0.28661         -129.36379     -127.20109         0.68467E+01    0.67162E+01    1
   36   45        27   54       -1.30955         -117.48363     -130.16391         0.73658E+01    0.58861E+01    1
   36   46        26   56        1.31019         -147.13145     -133.21743         0.92117E+01    0.59617E+01    1
   37   38        36   39       -0.71313         -725.36925     -752.53984         0.18428E+00    0.18428E+00    0
   37   39        35   41        0.72884         -228.49943     -214.42738         0.67887E+00    0.67887E+00    0
   37   40        34   43       -1.82652         -114.26704     -176.14278         0.15091E+01    0.57316E+00    1
   37   42        32   47        1.48697         -186.14743     -155.93664         0.34212E+01    0.15718E+01    1
   37   44        30   51       -0.13726         -115.11932     -116.21251         0.55849E+01    0.55849E+01    0
   37   45        29   53       -0.84955         -102.75650     -109.04616         0.68587E+01    0.68587E+01    0
   37   46        28   55        1.26708         -137.85807     -125.38064         0.86300E+01    0.57930E+01    1
   38   39        37   40        0.10763         -566.26783     -562.39696         0.20812E+00    0.20166E+00    1
   38   40        36   42       -1.12577         -286.05112     -310.45574         0.66113E+00    0.61457E+00    1
   38   41        35   44       -1.46983         -144.51286     -167.19317         0.17742E+01    0.12632E+01    1
   38   42        34   46        1.35827         -270.27915     -239.45076         0.23878E+01    0.11332E+01    1
   38   43        33   48        0.38608         -147.28060     -143.87254         0.36263E+01    0.36263E+01    0
   38   44        32   50       -0.41752         -102.52060     -106.00369         0.45924E+01    0.45924E+01    0
   38   45        31   52        0.73098         -104.96827      -98.91188         0.60389E+01    0.53809E+01    1
   38   47        29   56        1.28736         -133.39321     -120.18138         0.84601E+01    0.55632E+01    1
   38   48        28   58        1.52826         -152.10810     -129.42589         0.94309E+01    0.42660E+01    1
   39   41        37   43        2.07003         -845.76020     -675.85867         0.86274E+00    0.16438E+00    1
   39   42        36   45        1.05389         -324.29664     -308.69067         0.15882E+01    0.13277E+01    1
   39   43        35   47        1.90711         -216.90336     -150.53218         0.28947E+01    0.74356E+00    1
   39   44        34   49        0.94814         -143.46478     -133.09657         0.35925E+01    0.29389E+01    1
   39   45        33   51       -1.25432          -97.44125     -109.75266         0.46958E+01    0.39177E+01    1
   39   46        32   53       -0.33982         -101.68553     -104.19628         0.60386E+01    0.60386E+01    0
   39   47        31   55        1.29735         -134.52588     -121.42937         0.71490E+01    0.50389E+01    1
   39   49        29   59       -1.70846         -103.28521     -127.61154         0.85470E+01    0.44483E+01    1
   40   42        38   44        1.40289         -429.83372     -377.14536         0.83330E+00    0.36316E+00    1
   40   43        37   46        0.97770         -260.51264     -244.33405         0.14259E+01    0.11955E+01    1
   40   44        36   48        1.20497         -184.43584     -165.17599         0.23979E+01    0.16259E+01    1
   40   45        35   50       -1.77374          -90.66879     -117.59727         0.36088E+01    0.21291E+01    1
   40   46        34   52        0.60648         -128.60330     -123.81632         0.48680E+01    0.48680E+01    0
   40   47        33   54       -1.07713         -117.39815     -126.77324         0.52725E+01    0.51225E+01    1
   40   48        32   56        1.20895         -127.62185     -116.98522         0.66813E+01    0.57834E+01    1
   40   49        31   58       -1.45936         -111.14419     -126.93791         0.73554E+01    0.52744E+01    1
   40   50        30   60       -1.38395         -113.09906     -126.52705         0.86269E+01    0.65233E+01    1
   41   42        40   43        1.60272        -2351.94317    -2103.27771         0.22260E+00    0.53266E-01    1
   41   43        39   45       -1.25195         -231.61688     -258.53210         0.80418E+00    0.64690E+00    1
   41   44        38   47        0.10678         -162.27700     -160.75113         0.13920E+01    0.13920E+01    0
   41   45        37   49       -1.86121          -91.55126     -138.60655         0.21353E+01    0.10361E+01    1
   41   46        36   51       -1.56268         -114.01157     -138.01342         0.32739E+01    0.21052E+01    1
   41   47        35   53       -1.18725         -105.04506     -116.37412         0.45698E+01    0.40280E+01    1
   41   48        34   55        1.07534         -129.79186     -121.02419         0.56278E+01    0.54768E+01    1
   41   50        32   59       -0.63904         -104.46042     -109.36740         0.74347E+01    0.74347E+01    0
   41   51        31   61       -0.55959         -115.27061     -119.32014         0.87454E+01    0.87454E+01    0
   42   43        41   44        0.22628        -1856.10197    -1836.95688         0.23765E+00    0.99844E-01    1
   42   44        40   46        1.21403         -286.38899     -257.50673         0.87310E+00    0.59831E+00    1
   42   45        39   48        0.62154          -50.79483      -43.84285         0.18057E+01    0.18057E+01    0
   42   46        38   50       -0.83556          -76.06699      -84.83217         0.25056E+01    0.25056E+01    0
   42   47        37   52        0.86420          -97.31665      -89.35089         0.35076E+01    0.35076E+01    0
   42   48        36   54        0.52086          -92.09826      -87.56956         0.44228E+01    0.44228E+01    0
   42   49        35   56       -1.36626          -66.09791      -81.35834         0.61005E+01    0.40044E+01    1
   42   50        34   58        0.75958          -91.55750      -86.23169         0.72593E+01    0.72593E+01    0
   42   51        33   60       -0.47387          -84.33435      -87.68748         0.80615E+01    0.80615E+01    0
   43   44        42   45       -0.37100        -1748.10974    -1776.97515         0.23453E+00    0.11252E+00    1
   43   45        41   47       -1.95513         -502.80782     -581.99007         0.67329E+00    0.36038E+00    1
   43   46        40   49       -1.25285          -79.10491     -103.49925         0.17438E+01    0.10541E+01    1
   43   47        39   51        1.42936          -98.58377      -78.89773         0.26169E+01    0.19159E+01    1
   43   48        38   53       -0.66012          -72.58308      -78.77109         0.34536E+01    0.34536E+01    0
   43   49        37   55       -1.37048          -63.39875      -83.18429         0.45685E+01    0.26712E+01    1
   43   51        35   59       -0.30153          -79.34630      -81.43164         0.73569E+01    0.73569E+01    0
   43   53        33   63       -0.31872          -94.91365      -97.10014         0.92242E+01    0.92242E+01    0
   44   45        43   46        0.74987         -411.94133     -391.83659         0.50376E+00    0.34383E+00    1
   44   46        42   48       -1.28814         -260.13683     -282.29308         0.10613E+01    0.86217E+00    1
   44   47        41   50       -0.07779         -183.13845     -184.04687         0.17742E+01    0.17742E+01    0
   44   48        40   52        1.47440         -111.47651      -93.43708         0.30600E+01    0.21719E+01    1
   44   49        39   54        0.54906          -84.52791      -79.74974         0.37315E+01    0.37315E+01    0
   44   50        38   56        0.16452          -82.35781      -81.09849         0.50525E+01    0.50525E+01    0
   44   51        37   58        0.69681          -91.76851      -86.63314         0.60720E+01    0.60720E+01    0
   44   53        35   62        0.36897          -93.07700      -90.70446         0.88767E+01    0.88767E+01    0
   44   54        34   64        1.48602         -120.46269     -104.90153         0.10701E+02    0.60434E+01    1
   45   46        44   47        0.25317         -394.35041     -389.48678         0.49475E+00    0.49475E+00    0
   45   47        43   49        0.09712         -272.15985     -270.55895         0.91808E+00    0.91808E+00    0
   45   48        42   51       -0.90231         -282.82854     -295.94925         0.14283E+01    0.14283E+01    0
   45   49        41   53        2.68347         -369.51320     -160.08889         0.25011E+01    0.34090E+00    1
   45   50        40   55        0.89909         -100.11887      -92.65508         0.39361E+01    0.39361E+01    0
   45   52        38   59       -0.16077          -92.46806      -93.75420         0.55836E+01    0.55836E+01    0
   45   53        37   61       -1.38436          -78.29913      -91.88972         0.68489E+01    0.51773E+01    1
   45   54        36   63       -1.65896          -83.98488     -106.12907         0.82385E+01    0.42726E+01    1
   46   47        45   48        0.43381         -540.26485     -529.03089         0.48785E+00    0.38009E+00    1
   46   48        44   50       -0.71840         -250.34186     -262.88435         0.88403E+00    0.88403E+00    0
   46   49        43   52       -1.73613         -167.92942     -210.68468         0.15890E+01    0.84887E+00    1
   46   50        42   54       -1.70528         -165.01078     -197.89915         0.22538E+01    0.13831E+01    1
   46   52        40   58        1.46127         -100.44519      -84.27944         0.49719E+01    0.34989E+01    1
   46   53        39   60       -0.67886          -70.17589      -75.40877         0.57954E+01    0.57954E+01    0
   46   54        38   62       -1.50381          -75.64777      -91.26684         0.70338E+01    0.48948E+01    1
   46   55        37   64        1.46281         -128.82841     -110.54975         0.87061E+01    0.45682E+01    1
   46   56        36   66        1.61505         -149.35557     -122.03746         0.96292E+01    0.37474E+01    1
   47   49        45   51        0.84371         -192.59796     -177.36556         0.10252E+01    0.87035E+00    1
   47   50        44   53       -1.55423          -67.95477      -94.40843         0.18375E+01    0.12372E+01    1
   47   51        43   55        1.48859         -146.58010     -116.81756         0.26527E+01    0.13398E+01    1
   47   53        41   59       -1.17421          -70.12570      -80.51484         0.49052E+01    0.43716E+01    1
   47   54        40   61       -1.10007          -54.08637      -61.71129         0.67921E+01    0.64612E+01    1
   48   49        47   50       -0.65815         -401.75499     -414.66482         0.52258E+00    0.52258E+00    0
   48   50        46   52       -0.34102         -181.14624     -185.03824         0.13918E+01    0.13918E+01    0
   48   51        45   54        0.05916         -121.39156     -120.83460         0.22507E+01    0.22507E+01    0
   48   52        44   56        2.18238         -186.55455     -107.84425         0.32302E+01    0.74597E+00    1
   48   53        43   58       -0.67823          -91.23575      -96.50707         0.42089E+01    0.42089E+01    0
   48   54        42   60        0.80324         -108.94130     -103.20607         0.54140E+01    0.54140E+01    0
   48   55        41   62       -0.77375          -84.76454      -89.60781         0.71680E+01    0.71680E+01    0
   48   56        40   64        1.70371         -121.90920      -94.27911         0.89775E+01    0.31489E+01    1
   49   50        48   51        0.32337         -567.00363     -556.49935         0.39863E+00    0.31899E+00    1
   49   51        47   53       -1.08764         -203.80292     -220.28523         0.10919E+01    0.10506E+01    1
   49   52        46   55        1.13171         -143.56901     -130.74167         0.20351E+01    0.18818E+01    1
   49   54        44   59       -1.24502          -62.24720      -74.01072         0.41209E+01    0.34638E+01    1
   49   55        43   61       -0.82338          -80.79193      -86.83606         0.52846E+01    0.52846E+01    0
   49   56        42   63       -1.17042         -106.45171     -116.00417         0.61580E+01    0.55059E+01    1
   49   59        39   69        1.25190         -112.26573      -97.52446         0.10186E+02    0.53856E+01    1
   50   51        49   52        1.11180         -799.77456     -748.57953         0.44491E+00    0.22551E+00    1
   50   52        48   54       -0.92406         -270.18544     -286.33823         0.91227E+00    0.91227E+00    0
   50   53        47   56       -0.50004         -124.70657     -130.00768         0.20254E+01    0.20254E+01    0
   50   54        46   58       -0.28935          -87.56918      -90.00117         0.32167E+01    0.32167E+01    0
   50   55        45   60        1.09619          -80.20064      -70.90994         0.43471E+01    0.38829E+01    1
   50   56        44   62        0.45478          -90.66897      -87.26253         0.53176E+01    0.51963E+01    1
   50   58        42   66        0.80367         -123.08355     -116.12437         0.75437E+01    0.59061E+01    1
   50   59        41   68       -1.45055          -90.88470     -104.05212         0.87496E+01    0.63124E+01    1
   50   60        40   70        1.04423         -104.71046      -96.03813         0.99935E+01    0.76468E+01    1
   51   52        50   53       -0.07863         -746.03505     -748.73397         0.31928E+00    0.30027E+00    1
   51   53        49   55       -0.12372         -229.91280     -231.62667         0.11531E+01    0.11531E+01    0
   51   55        47   59       -0.51593         -102.31993     -107.11336         0.29112E+01    0.29112E+01    0
   51   56        46   61        0.01615          -77.62650      -77.50521         0.43917E+01    0.43917E+01    0
   51   58        44   65       -0.29494          -83.78816      -85.77267         0.66882E+01    0.66882E+01    0
   51   59        43   67       -1.82486          -80.38095     -103.04038         0.71772E+01    0.41159E+01    1
   51   60        42   69        0.36905         -120.67275     -117.92615         0.86851E+01    0.76944E+01    1
   51   61        41   71        1.23502         -112.63687     -100.10863         0.98118E+01    0.62605E+01    1
   52   53        51   54       -0.84675         -753.29669     -789.24258         0.34819E+00    0.23921E+00    1
   52   54        50   56       -0.59116         -325.20755     -334.77977         0.12102E+01    0.98946E+00    1
   52   55        49   58        1.73344         -199.30220     -157.29421         0.22449E+01    0.88327E+00    1
   52   56        48   60       -0.64294          -93.85642      -99.12944         0.32998E+01    0.32998E+01    0
   52   58        46   64        1.57448         -102.85398      -82.11373         0.65739E+01    0.29558E+01    1
   52   59        45   66        0.36299          -85.42101      -83.03890         0.74723E+01    0.68649E+01    1
   52   60        44   68       -1.07793          -90.07521      -97.22566         0.79321E+01    0.77008E+01    1
   52   61        43   70       -0.00473         -104.56536     -104.59641         0.89701E+01    0.87189E+01    1
   52   62        42   72        1.17238         -114.69885     -103.29173         0.10249E+02    0.65273E+01    1
   53   56        50   59        1.04538         -133.99611     -124.24889         0.22990E+01    0.22990E+01    0
   53   58        48   63        0.63992          -81.63120      -77.12786         0.46791E+01    0.46791E+01    0
   53   59        47   65       -1.70854          -59.81286      -82.02175         0.58966E+01    0.29971E+01    1
   53   60        46   67       -1.50661          -73.83256      -88.15459         0.68178E+01    0.47356E+01    1
   53   61        45   69        1.27868         -106.34604      -93.17508         0.84266E+01    0.49689E+01    1
   53   62        44   71        0.84304          -96.02729      -90.28101         0.91514E+01    0.84078E+01    1
   53   63        43   73       -1.15370          -85.43847      -93.63137         0.98675E+01    0.89505E+01    1
   54   55        53   56        1.35600        -1303.14645    -1176.29860         0.30436E+00    0.10831E+00    1
   54   56        52   58       -0.76252         -271.00024     -284.97782         0.86364E+00    0.86364E+00    0
   54   58        50   62        1.31921          -85.34994      -69.97652         0.35935E+01    0.23214E+01    1
   54   60        48   66       -1.13899          -82.70053      -91.71268         0.53564E+01    0.49214E+01    1
   54   61        47   68       -1.28240          -86.16460      -97.34489         0.63308E+01    0.51661E+01    1
   54   62        46   70       -0.06040          -87.01478      -87.40498         0.79266E+01    0.79266E+01    0
   54   63        45   72        0.80563          -90.66887      -84.38120         0.89140E+01    0.73541E+01    1
   55   58        52   61       -1.61480          -59.28862      -81.14940         0.24187E+01    0.15675E+01    1
   55   59        51   63       -1.23701          -70.42350      -81.00960         0.37313E+01    0.31566E+01    1
   55   60        50   65        1.09255          -86.32682      -78.73670         0.49611E+01    0.47519E+01    1
   55   61        49   67       -1.39713          -77.59349      -89.84177         0.59445E+01    0.44526E+01    1
   55   62        48   69        0.65858          -91.50430      -87.19087         0.72005E+01    0.68911E+01    1
   55   63        47   71       -0.68658          -81.07129      -85.40155         0.81304E+01    0.81304E+01    0
   55   65        45   75        0.77513          -93.03135      -87.23271         0.10593E+02    0.85120E+01    1
   56   58        54   60        0.27832         -284.49028     -279.69815         0.11730E+01    0.90729E+00    1
   56   59        53   62        0.35522          -72.00055      -69.29525         0.27830E+01    0.27830E+01    0
   56   61        51   66       -0.89449          -78.70268      -84.22569         0.53527E+01    0.53527E+01    0
   56   62        50   68        0.29760          -76.14144      -74.38445         0.66274E+01    0.66274E+01    0
   56   63        49   70       -1.68945          -62.29108      -78.34978         0.76793E+01    0.47567E+01    1
   56   65        47   74        0.35486          -83.03270      -80.92076         0.96611E+01    0.96611E+01    0
   58   60        56   62       -1.01998         -198.35061     -214.60741         0.97722E+00    0.97722E+00    0
   58   62        54   66        0.97368          -74.85172      -68.64180         0.42217E+01    0.42217E+01    0
   58   63        53   68       -1.07234          -61.48774      -68.38684         0.52427E+01    0.51163E+01    1
   58   64        52   70        0.39366          -76.33482      -73.97879         0.65218E+01    0.65218E+01    0
   58   65        51   72        0.23679          -89.84401      -88.35814         0.71916E+01    0.71916E+01    0
   58   66        50   74        0.90584          -78.50804      -73.10462         0.90689E+01    0.86145E+01    1
   58   67        49   76       -0.36972          -75.94416      -78.08236         0.99671E+01    0.99671E+01    0
   58   68        48   78        0.69114          -87.03810      -82.97842         0.10914E+02    0.10865E+02    1
   59   60        58   61        0.37927         -717.16513     -703.11426         0.37793E+00    0.26467E+00    1
   59   62        56   65       -1.02824          -69.49823      -78.19175         0.25061E+01    0.25061E+01    0
   59   63        55   67       -1.51430          -56.81672      -74.44592         0.38001E+01    0.23130E+01    1
   59   64        54   69        1.80403          -92.56581      -67.04570         0.63656E+01    0.23227E+01    1
   59   65        53   71        0.70014          -84.99071      -80.71741         0.63747E+01    0.63747E+01    0
   59   67        51   75       -1.11620          -65.54611      -72.39462         0.89363E+01    0.83781E+01    1
   59   68        50   77        1.17602          -82.01749      -74.02406         0.10526E+02    0.84869E+01    1
   60   61        59   62       -0.59239         -724.74865     -744.85467         0.33986E+00    0.28744E+00    1
   60   64        56   68        0.21324          -69.36453      -68.12407         0.46307E+01    0.46307E+01    0
   60   65        55   70       -1.68981          -72.48568      -88.44032         0.56122E+01    0.34756E+01    1
   60   66        54   72        1.47240          -86.37264      -72.31070         0.77958E+01    0.40705E+01    1
   60   67        53   74       -0.68300          -58.71939      -62.26364         0.86943E+01    0.86943E+01    0
   60   68        52   76        0.49705          -69.42812      -66.84465         0.98945E+01    0.98945E+01    0
   61   62        60   63        0.14802         -761.80857     -756.27131         0.36064E+00    0.26055E+00    1
   61   63        59   65        0.56582          -93.44368      -89.09976         0.20088E+01    0.20088E+01    0
   61   66        56   71       -0.23531          -76.16022      -77.27923         0.69204E+01    0.69204E+01    0
   61   67        55   73       -1.31978          -58.11990      -66.27214         0.79657E+01    0.63161E+01    1
   61   68        54   75        0.83765          -66.07418      -62.11463         0.98862E+01    0.95610E+01    1
   62   64        60   66        0.38474         -179.50081     -175.35746         0.16981E+01    0.14296E+01    1
   62   65        59   68       -0.03086         -106.79659     -107.03150         0.31596E+01    0.27522E+01    1
   62   68        56   74       -1.39082          -62.99693      -72.24577         0.78168E+01    0.58815E+01    1
   62   69        55   76        1.25761          -82.97720      -73.51904         0.97473E+01    0.60287E+01    1
   62   70        54   78        0.87263          -82.37724      -77.76752         0.10853E+02    0.97451E+01    1
   63   64        62   65       -0.38565         -473.18297     -482.29648         0.41872E+00    0.41872E+00    0
   63   65        61   67        0.34648         -299.12643     -294.24616         0.10895E+01    0.10895E+01    0
   63   66        60   69       -0.93998         -120.24530     -126.37553         0.32088E+01    0.32088E+01    0
   63   67        59   71       -0.83350          -88.58068      -93.11054         0.49376E+01    0.49376E+01    0
   63   68        58   73        1.02128          -80.27966      -74.00427         0.64300E+01    0.53653E+01    1
   63   70        56   77       -0.62699          -80.78385      -84.01421         0.88187E+01    0.88187E+01    0
   63   71        55   79       -1.67252          -63.40269      -77.08204         0.10079E+02    0.63065E+01    1
   63   73        53   83       -1.64314          -62.48155      -77.49996         0.11010E+02    0.69862E+01    1
   65   68        62   71       -1.09236          -97.55074     -103.53311         0.40254E+01    0.38564E+01    1
   65   70        60   75        0.48712          -70.46657      -68.11017         0.68589E+01    0.68589E+01    0
   65   71        59   77        1.16236          -68.42496      -62.19206         0.87382E+01    0.73458E+01    1
   65   72        58   79       -0.33784          -61.73169      -63.36980         0.93995E+01    0.93995E+01    0
   66   67        65   68       -0.26628         -906.29059     -918.41384         0.35842E+00    0.21698E+00    1
   66   70        62   74        0.19071          -79.88105      -78.86915         0.51261E+01    0.51261E+01    0
   66   71        61   76        0.03245          -67.15167      -66.98567         0.65167E+01    0.65167E+01    0
   66   72        60   78        1.07087          -74.54964      -68.96857         0.77373E+01    0.75612E+01    1
   67   69        65   71       -1.05419         -283.18604     -294.69822         0.14528E+01    0.14248E+01    1
   67   71        63   75        0.08421          -66.85079      -66.37972         0.48875E+01    0.48875E+01    0
   67   72        62   77        1.46398          -72.42395      -59.96882         0.62740E+01    0.39296E+01    1
   67   73        61   79       -0.30786          -60.49248      -62.33790         0.65996E+01    0.65996E+01    0
   68   69        67   70        0.43078         -682.75134     -666.83354         0.63625E+00    0.26877E+00    1
   68   70        66   72        1.40494         -460.66130     -419.15135         0.12380E+01    0.52953E+00    1
   68   71        65   74       -1.12179         -108.13034     -117.53786         0.27391E+01    0.25553E+01    1
   68   73        63   78        1.22330          -78.96633      -70.10989         0.56895E+01    0.46333E+01    1
   69   70        68   71       -0.25708         -794.26982     -802.93586         0.43271E+00    0.29649E+00    1
   69   72        66   75       -0.15033         -137.32228     -138.54209         0.26690E+01    0.26690E+01    0
   69   73        65   77        0.65105         -104.89130     -100.20782         0.39008E+01    0.38421E+01    1
   70   71        69   72        1.64695        -1711.35720    -1480.31653         0.27826E+00    0.71908E-01    1
   70   72        68   74        1.43780         -355.51916     -310.77902         0.11731E+01    0.51513E+00    1
   70   74        66   78        1.98082         -150.03893      -98.66728         0.41304E+01    0.10753E+01    1
   70   80        60   90       -1.33342          -33.51506      -43.74081         0.10705E+02    0.84012E+01    1
   71   73        69   75        1.35212         -330.89888     -290.53223         0.10389E+01    0.54764E+00    1
   71   74        68   77        1.44244         -152.49844     -127.04875         0.25514E+01    0.12581E+01    1
   71   75        67   79        1.28963          -99.05322      -84.91872         0.41641E+01    0.25624E+01    1
   71   80        62   89       -0.78066          -30.26580      -34.96811         0.96814E+01    0.96814E+01    0
   71   81        61   91       -1.14339          -31.34054      -38.96020         0.10551E+02    0.96569E+01    1
   72   73        71   74       -1.19303        -1396.32584    -1494.65234         0.14383E+00    0.12616E+00    1
   72   74        70   76       -1.55945         -330.20545     -377.82838         0.81726E+00    0.54843E+00    1
   72   75        69   78       -0.71298         -134.42296     -141.06650         0.24056E+01    0.24056E+01    0
   72   81        63   90       -0.02804          -31.02706      -31.19172         0.99211E+01    0.99211E+01    0
   72   82        62   92        0.88347          -37.59679      -32.48018         0.11103E+02    0.11103E+02    0
   73   74        72   75       -0.51353        -1128.14168    -1158.13870         0.18497E+00    0.18497E+00    0
   73   75        71   77       -0.46178         -157.77388     -166.74060         0.88155E+00    0.88155E+00    0
   73   76        70   79        0.77559          -99.73405      -92.90814         0.25885E+01    0.25885E+01    0
   73   80        66   87       -1.21282          -21.89195      -29.66543         0.83513E+01    0.72059E+01    1
   73   81        65   89       -1.20001          -22.70570      -30.51379         0.91947E+01    0.80184E+01    1
   73   83        63   93        1.42792          -37.15282      -26.17002         0.11429E+02    0.83759E+01    1
   74   75        73   76        0.50767         -549.85905     -528.71559         0.26269E+00    0.26269E+00    0
   74   76        72   78       -1.10567         -159.96493     -183.14636         0.87518E+00    0.82833E+00    1
   74   80        68   86       -1.25703          -16.82189      -24.61747         0.77837E+01    0.64800E+01    1
   74   82        66   90       -0.98546          -19.68780      -24.68594         0.10275E+02    0.10275E+02    0
   74   83        65   92        1.26066          -34.54465      -26.24209         0.10645E+02    0.88364E+01    1
   75   76        74   77        0.22126         -611.51731     -602.81936         0.28511E+00    0.28511E+00    0
   75   77        73   79       -1.26951          -94.79199     -122.68719         0.98372E+00    0.81090E+00    1
   75   79        71   83        1.38436          -35.82329      -23.31956         0.42142E+01    0.31857E+01    1
   75   80        70   85       -1.22936          -16.65467      -24.73691         0.61692E+01    0.52514E+01    1
   75   81        69   87       -0.53328          -20.71516      -23.43157         0.78967E+01    0.78967E+01    0
   75   82        68   89       -0.94278          -21.01403      -25.70517         0.92716E+01    0.92716E+01    0
   75   84        66   93       -0.35918          -24.89695      -26.93837         0.10266E+02    0.10266E+02    0
   75   85        65   95       -0.02809          -24.76076      -24.92533         0.11004E+02    0.11004E+02    0
   76   77        75   78        0.35602         -209.48434     -203.19315         0.63982E+00    0.63982E+00    0
   76   78        74   80        0.55887          -37.23637      -28.82551         0.12218E+01    0.12218E+01    0
   76   79        73   82        0.55373          -40.34387      -34.58694         0.22614E+01    0.22614E+01    0
   76   80        72   84       -1.35858            2.03533      -10.12449         0.42174E+01    0.32486E+01    1
   76   81        71   86       -1.19752           -6.10000      -13.40036         0.64728E+01    0.56564E+01    1
   76   82        70   88       -0.36875          -19.54111      -21.34814         0.82168E+01    0.82168E+01    0
   76   83        69   90        1.02712          -29.26953      -23.89808         0.88530E+01    0.88530E+01    0
   76   84        68   92        0.63317          -29.46210      -25.98988         0.95376E+01    0.95376E+01    0
   76   85        67   94       -1.31460          -13.62192      -22.95842         0.10332E+02    0.82247E+01    1
   76   86        66   96       -0.30845          -20.17685      -21.91389         0.11454E+02    0.11454E+02    0
   77   78        76   79       -0.17898         -160.95913     -165.95181         0.41363E+00    0.41363E+00    0
   77   79        75   81        0.05377          -83.98799      -83.23830         0.13289E+01    0.13289E+01    0
   77   80        74   83       -0.59320          -12.50287      -18.56068         0.23409E+01    0.23409E+01    0
   77   81        73   85       -0.89488           -9.44516      -16.13296         0.38887E+01    0.38887E+01    0
   77   82        72   87       -1.43527           -6.03491      -18.33177         0.59894E+01    0.40274E+01    1
   77   83        71   89        0.52409          -21.69020      -18.73158         0.71603E+01    0.71603E+01    0
   77   84        70   91       -0.46856          -25.25367      -27.94440         0.80765E+01    0.80765E+01    0
   77   85        69   93        0.02080          -25.07963      -24.96515         0.95114E+01    0.95114E+01    0
   77   86        68   95       -0.81972          -19.70069      -24.28108         0.10456E+02    0.10456E+02    0
   77   87        67   97       -0.82833          -20.41504      -25.10139         0.11412E+02    0.11412E+02    0
   78   80        76   82        0.65216          -43.36818      -34.99196         0.14498E+01    0.14498E+01    0
   78   81        75   84       -1.31366            3.28241      -10.76730         0.28121E+01    0.22402E+01    1
   78   82        74   86       -0.76760          -22.30291      -27.87662         0.39994E+01    0.39994E+01    0
   78   83        73   88        0.02879          -19.46059      -19.26701         0.51559E+01    0.51559E+01    0
   78   84        72   90       -0.31222          -21.14040      -23.06026         0.65874E+01    0.65874E+01    0
   78   85        71   92        0.75148          -24.97339      -20.79681         0.83319E+01    0.83319E+01    0
   78   86        70   94       -0.72505          -21.56201      -25.52718         0.95720E+01    0.95720E+01    0
   78   87        69   96        0.93893          -32.15009      -27.23619         0.11165E+02    0.11165E+02    0
   78   88        68   98       -0.48682          -23.89768      -26.55216         0.11845E+02    0.11845E+02    0
   79   80        78   81        0.08523          -69.63652      -68.13141         0.65939E+00    0.65939E+00    0
   79   81        77   83        0.21726          -25.33278      -23.30621         0.19998E+01    0.19998E+01    0
   79   82        76   85       -0.60188           -6.04156      -10.34031         0.33567E+01    0.33567E+01    0
   79   83        75   87        1.13378          -20.22189      -11.39689         0.40852E+01    0.37707E+01    1
   79   84        74   89       -0.41043          -17.91514      -20.82112         0.49420E+01    0.49420E+01    0
   79   85        73   91        0.17294          -15.40905      -14.34913         0.66198E+01    0.66198E+01    0
   79   86        72   93        0.03723          -15.96416      -15.76169         0.85307E+01    0.85307E+01    0
   79   87        71   95        0.56606          -22.62705      -19.72326         0.10224E+02    0.10224E+02    0
   79   88        70   97        0.34297          -26.98292      -25.21537         0.11355E+02    0.11355E+02    0
   79   89        69   99        0.78466          -29.50072      -25.42878         0.12464E+02    0.12464E+02    0
   80   81        79   82       -0.05659         -234.60563     -236.19443         0.41227E+00    0.41227E+00    0
   80   82        78   84       -0.61282            8.85627        2.19709         0.17304E+01    0.17304E+01    0
   80   83        77   86       -0.06243          -12.44355      -12.98722         0.27690E+01    0.27690E+01    0
   80   84        76   88        0.24503          -19.01970      -17.10510         0.37915E+01    0.37915E+01    0
   80   85        75   90       -0.46698          -13.07319      -16.33278         0.50320E+01    0.50320E+01    0
   80   86        74   92       -0.50590          -15.79534      -19.13151         0.61701E+01    0.61701E+01    0
   80   87        73   94       -0.19607          -16.57786      -17.72387         0.79715E+01    0.79715E+01    0
   80   88        72   96        0.28723          -22.98225      -21.45928         0.99096E+01    0.99096E+01    0
   80   89        71   98       -0.89003          -19.17610      -23.94944         0.10934E+02    0.10934E+02    0
   80   90        70  100       -1.05495          -23.74736      -29.54316         0.11883E+02    0.11788E+02    1
   81   82        80   83       -0.14387         -200.31009     -202.15841         0.89902E+00    0.89902E+00    0
   81   83        79   85        0.33219          -52.51606      -47.64073         0.12757E+01    0.12757E+01    0
   81   84        78   87       -0.06938          -17.16079      -17.78153         0.27054E+01    0.27054E+01    0
   81   85        77   89       -0.24017          -13.54443      -15.27075         0.41053E+01    0.41053E+01    0
   81   86        76   91       -0.71469          -11.85731      -16.66916         0.51966E+01    0.51966E+01    0
   81   87        75   93       -0.15554          -17.28218      -18.24660         0.65704E+01    0.65704E+01    0
   81   88        74   95       -0.63668          -17.16540      -21.05821         0.76268E+01    0.76268E+01    0
   81   89        73   97       -0.13220          -19.27635      -20.03903         0.91069E+01    0.91069E+01    0
   81   90        72   99        0.07457          -24.91726      -24.51364         0.10827E+02    0.10827E+02    0
   81   91        71  101       -0.79843          -25.31081      -29.68411         0.11806E+02    0.11806E+02    0
   82   83        81   84        0.63165         -211.20302     -192.50279         0.38941E+00    0.38941E+00    0
   82   84        80   86       -0.16736          -23.41830      -25.80005         0.13175E+01    0.13175E+01    0
   82   85        79   88       -1.33897           10.30315       -6.68528         0.24333E+01    0.19018E+01    1
   82   86        78   90       -0.69396            3.80292       -1.56711         0.38097E+01    0.38097E+01    0
   82   87        77   92        0.21055          -12.29014      -10.88543         0.52377E+01    0.52377E+01    0
   82   88        76   94       -0.59555           -8.09989      -11.93519         0.63363E+01    0.63363E+01    0
   82   89        75   96       -0.24190          -12.97649      -14.48244         0.74952E+01    0.74952E+01    0
   82   90        74   98       -1.07930          -11.45849      -18.50501         0.83147E+01    0.80619E+01    1
   82   91        73  100       -0.59825          -16.74101      -20.34736         0.97171E+01    0.97171E+01    0
   82   92        72  102       -0.73149          -22.53254      -26.59320         0.11637E+02    0.11637E+02    0
   83   84        82   85        0.28706         -135.23890     -129.37102         0.56171E+00    0.56171E+00    0
   83   85        81   87       -0.01115            2.00746        1.89009         0.17665E+01    0.17665E+01    0
   83   86        80   89        0.67162            2.95802        7.93616         0.32711E+01    0.32711E+01    0
   83   87        79   91       -0.21208           -2.72556       -4.10448         0.45565E+01    0.45565E+01    0
   83   88        78   93        0.64521           -6.82380       -3.17612         0.62281E+01    0.62281E+01    0
   83   89        77   95        0.09351           -8.89540       -8.38169         0.74549E+01    0.74549E+01    0
   83   90        76   97        0.27050          -13.77886      -12.27103         0.83991E+01    0.83991E+01    0
   83   91        75   99        0.55170          -19.20460      -16.14094         0.94983E+01    0.94983E+01    0
   83   92        74  101        0.00208          -20.01414      -20.00265         0.10639E+02    0.10639E+02    0
   83   93        73  103        0.61692          -27.98654      -24.66156         0.12014E+02    0.12014E+02    0
   84   85        83   86       -0.99370           83.36173       56.66655         0.42742E+00    0.42742E+00    0
   84   86        82   88        0.22132           25.81223       27.80804         0.20534E+01    0.20534E+01    0
   84   87        81   90        0.41622            4.74965        7.41535         0.37837E+01    0.37837E+01    0
   84   88        80   92        1.39056           -6.06219        4.20869         0.54954E+01    0.40292E+01    1
   84   89        79   94        0.11849            0.97830        1.60424         0.67098E+01    0.67098E+01    0
   84   90        78   96        0.74342           -6.68354       -2.95244         0.82000E+01    0.82000E+01    0
   84   91        77   98       -0.25043           -8.41046       -9.69893         0.91220E+01    0.91220E+01    0
   84   92        76  100        0.32415          -13.61246      -11.96645         0.10411E+02    0.10411E+02    0
   84   93        75  102       -0.11746          -17.40938      -18.02506         0.11228E+02    0.11228E+02    0
   84   94        74  104       -0.58628          -18.44063      -21.59766         0.12063E+02    0.12063E+02    0
   85   86        84   87       -0.40268           41.22626       31.73374         0.48633E+00    0.48633E+00    0
   85   87        83   89       -0.89234           31.45005       20.31963         0.14893E+01    0.14893E+01    0
   85   88        82   91       -0.09671           -4.82698       -5.37532         0.42353E+01    0.42353E+01    0
   85   89        81   93        0.08809           -2.19209       -1.74365         0.58269E+01    0.58269E+01    0
   85   90        80   95        0.24030           -4.96134       -3.78507         0.72501E+01    0.72501E+01    0
   85   91        79   97       -0.24751           -9.11009      -10.36216         0.81340E+01    0.81340E+01    0
   85   92        78   99        0.93460          -15.91598      -11.49133         0.99258E+01    0.99258E+01    0
   85   93        77  101       -0.10024          -17.33629      -17.83676         0.10596E+02    0.10596E+02    0
   85   94        76  103        0.13598          -21.44717      -20.75209         0.11533E+02    0.11533E+02    0
   85   95        75  105       -0.74415          -18.81078      -22.67034         0.12528E+02    0.12528E+02    0
   86   87        85   88        0.49032           34.77792       44.15943         0.59830E+00    0.59830E+00    0
   86   88        84   90       -0.05847          -11.24074      -11.90338         0.16449E+01    0.16449E+01    0
   86   89        83   92       -0.08844           -0.28835       -0.95323         0.31963E+01    0.31963E+01    0
   86   90        82   94       -0.16407           -4.30190       -5.08933         0.61605E+01    0.61605E+01    0
   86   91        81   96        0.18635          -10.01515       -9.12740         0.74053E+01    0.74053E+01    0
   86   92        80   98       -0.02854          -10.31178      -10.44443         0.88610E+01    0.88610E+01    0
   86   93        79  100       -0.27740          -13.56183      -14.94230         0.94591E+01    0.94591E+01    0
   86   94        78  102       -0.37277          -14.84106      -16.69343         0.10667E+02    0.10667E+02    0
   86   95        77  104       -0.32193          -18.70468      -20.31527         0.11790E+02    0.11790E+02    0
   86   96        76  106       -0.52274          -20.29931      -22.95059         0.12816E+02    0.12816E+02    0
   87   88        86   89        0.09749           36.94441       38.63549         0.66020E+00    0.66020E+00    0
   87   89        85   91        0.23903           16.73754       19.08584         0.18930E+01    0.18930E+01    0
   87   90        84   93        0.00411            4.82517        4.85407         0.34443E+01    0.34443E+01    0
   87   91        83   95       -0.46681            2.24761       -0.47420         0.50855E+01    0.50855E+01    0
   87   92        82   97        0.30578          -10.86725       -9.51683         0.79687E+01    0.79687E+01    0
   87   93        81   99        0.87263          -15.74384      -11.65684         0.87906E+01    0.87906E+01    0
   87   94        80  101        0.16442          -13.38188      -12.58345         0.97205E+01    0.97205E+01    0
   87   95        79  103        0.57328          -19.05281      -16.23042         0.10792E+02    0.10792E+02    0
   87   96        78  105       -1.51634           -4.04273      -16.57830         0.11338E+02    0.71494E+01    1
   87   97        77  107       -0.44566          -19.78649      -21.99083         0.13159E+02    0.13159E+02    0
   88   89        87   90       -0.63498           62.54446       50.82793         0.62263E+00    0.62263E+00    0
   88   90        86   92        0.17414           17.22798       18.97841         0.18469E+01    0.18469E+01    0
   88   91        85   94        0.34389            8.31181       10.60400         0.36355E+01    0.36355E+01    0
   88   92        84   96        0.96148          -10.05452       -4.82875         0.54715E+01    0.54715E+01    0
   88   93        83   98       -0.66803           -6.46766      -10.03303         0.66292E+01    0.66292E+01    0
   88   94        82  100       -0.17614          -11.88618      -12.71108         0.87913E+01    0.87913E+01    0
   88   95        81  102       -0.03474          -13.62458      -13.79009         0.98922E+01    0.98922E+01    0
   88   96        80  104        1.06999          -20.04779      -14.78165         0.11059E+02    0.10816E+02    1
   88   97        79  106       -0.09171          -16.72694      -17.18287         0.11902E+02    0.11902E+02    0
   88   98        78  108       -0.56405          -18.39243      -21.20205         0.13075E+02    0.13075E+02    0
   89   90        88   91        0.03992           42.26465       42.91894         0.70245E+00    0.70245E+00    0
   89   91        87   93       -0.25360            9.89266        7.52007         0.19951E+01    0.19951E+01    0
   89   92        86   95       -0.34464            3.99288        1.93268         0.40482E+01    0.40482E+01    0
   89   93        85   97        0.28488          -10.01470       -8.43184         0.53611E+01    0.53611E+01    0
   89   94        84   99        0.10693          -14.42552      -13.85884         0.67109E+01    0.67109E+01    0
   89   95        83  101       -0.57995          -12.21157      -15.13271         0.81935E+01    0.81935E+01    0
   89   96        82  103        1.15854          -23.33492      -17.57650         0.10496E+02    0.94806E+01    1
   89   97        81  105        1.12323          -21.20267      -15.60612         0.11453E+02    0.10671E+02    1
   89   98        80  107       -0.11560          -17.79577      -18.35206         0.12298E+02    0.12298E+02    0
   89   99        79  109       -0.06207          -24.74064      -25.04305         0.13392E+02    0.13392E+02    0
   90   91        89   92        0.75522            5.10934       21.12667         0.54258E+00    0.54258E+00    0
   90   92        88   94       -0.40106            7.71389        4.34995         0.22377E+01    0.22377E+01    0
   90   93        87   96        0.62657          -10.93337       -6.96050         0.38404E+01    0.38404E+01    0
   90   94        86   98       -0.52028           -5.42011       -8.25235         0.54857E+01    0.54857E+01    0
   90   95        85  100       -0.25934           -9.93388      -11.25646         0.69741E+01    0.69741E+01    0
   90   96        84  102       -0.03017          -16.27838      -16.42965         0.82482E+01    0.82482E+01    0
   90   97        83  104        0.01554          -16.39424      -16.31808         0.96366E+01    0.96366E+01    0
   90   98        82  106       -0.34647          -15.17324      -16.76735         0.11523E+02    0.11523E+02    0
   90   99        81  108        0.65303          -22.48231      -19.46961         0.12821E+02    0.12821E+02    0
   90  100        80  110       -0.35533          -23.52845      -25.23357         0.13616E+02    0.13616E+02    0
   91   92        90   93       -0.18283           52.50430       49.91993         0.81563E+00    0.81563E+00    0
   91   93        89   95        0.37532            9.20512       12.91364         0.19051E+01    0.19051E+01    0
   91   94        88   97       -0.10136           -6.64016       -7.23658         0.41486E+01    0.41486E+01    0
   91   95        87   99       -0.03503          -11.70264      -11.87384         0.61173E+01    0.61173E+01    0
   91   96        86  101        0.00020          -12.25498      -12.25402         0.75348E+01    0.75348E+01    0
   91   97        85  103        0.50383          -17.09275      -14.72932         0.88100E+01    0.88100E+01    0
   91   98        84  105       -0.48721          -13.59603      -15.96564         0.96963E+01    0.96963E+01    0
   91   99        83  107        0.30254          -19.60746      -18.20804         0.11475E+02    0.11475E+02    0
   91  100        82  109       -0.19980          -20.98887      -21.88593         0.13165E+02    0.13165E+02    0
   91  101        81  111       -0.49229          -23.12740      -25.41641         0.14035E+02    0.14035E+02    0
   92   93        91   94       -0.63643           48.79742       35.21834         0.54081E+00    0.54081E+00    0
   92   94        90   96        0.10662            9.40807       10.52798         0.17986E+01    0.17986E+01    0
   92   95        89   98       -0.93380           -1.61632       -7.75940         0.37226E+01    0.37226E+01    0
   92   96        88  100       -0.59042           -9.17645      -12.17133         0.59024E+01    0.59024E+01    0
   92   97        87  102       -0.65743          -10.54095      -13.70947         0.73665E+01    0.73665E+01    0
   92   98        86  104       -0.43769          -11.72264      -13.86750         0.84084E+01    0.84084E+01    0
   92   99        85  106        0.20176          -16.17399      -15.20231         0.97797E+01    0.97797E+01    0
   92  100        84  108       -0.21159          -18.51007      -19.55113         0.10802E+02    0.10802E+02    0
   92  101        83  110       -0.55498          -20.68152      -23.35211         0.12294E+02    0.12294E+02    0
   92  102        82  112        0.51914          -30.59639      -28.19290         0.14094E+02    0.14094E+02    0
   93   94        92   95        0.13243           52.07069       54.01889         0.78637E+00    0.78637E+00    0
   93   95        91   97       -0.27059           13.52172       11.00814         0.20387E+01    0.20387E+01    0
   93   96        90   99        0.47895           -5.32134       -2.59669         0.43306E+01    0.43306E+01    0
   93   97        89  101       -0.27839           -6.46399       -7.80729         0.62308E+01    0.62308E+01    0
   93   98        88  103       -0.21697          -11.87672      -12.85263         0.79058E+01    0.79058E+01    0
   93   99        87  105        0.33620          -14.20807      -12.69871         0.91999E+01    0.91999E+01    0
   93  100        86  107       -0.03883          -13.81145      -13.98934         0.10291E+02    0.10291E+02    0
   93  101        85  109       -0.18373          -16.62541      -17.47646         0.11482E+02    0.11482E+02    0
   93  102        84  111       -0.44605          -21.75915      -23.90384         0.12324E+02    0.12324E+02    0
   93  103        83  113        1.14526          -33.18999      -27.47883         0.14352E+02    0.13114E+02    1
   94   95        93   96        0.30396           36.93484       41.38545         0.79375E+00    0.79375E+00    0
   94   96        92   98        0.32696           16.35327       18.93295         0.24157E+01    0.24157E+01    0
   94   97        91  100       -0.04408            4.74500        4.49379         0.43369E+01    0.43369E+01    0
   94   98        90  102       -0.72140           -3.04673       -6.46970         0.63386E+01    0.63386E+01    0
   94   99        89  104        0.28070          -13.13228      -11.86531         0.79149E+01    0.79149E+01    0
   94  100        88  106       -0.54584           -9.96725      -12.41570         0.92278E+01    0.92278E+01    0
   94  101        87  108       -0.07295          -13.69475      -14.02041         0.10586E+02    0.10586E+02    0
   94  102        86  110       -0.15085          -18.22219      -18.91525         0.11584E+02    0.11584E+02    0
   94  103        85  112        0.91441          -28.70988      -24.52705         0.12978E+02    0.12978E+02    0
   95   96        94   97       -0.03050           62.94796       62.49841         0.78972E+00    0.78972E+00    0
   95   97        93   99       -0.07164           20.65442       19.96756         0.19983E+01    0.19983E+01    0
   95   98        92  101       -0.53617            3.98649        0.96057         0.43604E+01    0.43604E+01    0
   95   99        91  103        0.53944          -12.58111       -9.95533         0.61908E+01    0.61908E+01    0
   95  100        90  105       -0.54034           -8.25641      -10.81174         0.75645E+01    0.75645E+01    0
   95  101        89  107       -0.45959          -10.49242      -12.56668         0.91889E+01    0.91889E+01    0
   95  102        88  109       -0.29415          -15.29226      -16.62519         0.10445E+02    0.10445E+02    0
   95  103        87  111       -0.00534          -21.43630      -21.46056         0.11741E+02    0.11741E+02    0
   95  104        86  113        0.27260          -27.00829      -25.75229         0.12895E+02    0.12895E+02    0
   95  105        85  115       -0.14908          -26.78453      -27.51918         0.13289E+02    0.13289E+02    0
   96   97        95   98       -0.20653           43.64414       40.67231         0.81513E+00    0.81513E+00    0
   96   98        94  100       -0.26752           20.30835       18.02983         0.22473E+01    0.22473E+01    0
   96   99        93  102       -0.10031           -3.18855       -3.77510         0.42271E+01    0.42271E+01    0
   96  100        92  104       -0.26281           -8.83735      -10.12831         0.61464E+01    0.61464E+01    0
   96  101        91  106       -0.77060           -6.82931      -10.45825         0.75886E+01    0.75886E+01    0
   96  102        90  108       -0.38713          -11.44563      -13.22758         0.90223E+01    0.90223E+01    0
   96  103        89  110        0.02834          -18.77806      -18.65231         0.10694E+02    0.10694E+02    0
   96  104        88  112       -0.14753          -23.80871      -24.47711         0.11796E+02    0.11796E+02    0
   96  106        86  116        0.43691          -28.61200      -26.45308         0.13244E+02    0.13244E+02    0
   97   98        96   99       -0.20678           29.88841       27.23988         0.90584E+00    0.90584E+00    0
   97   99        95  101       -0.03658            2.85860        2.56340         0.23770E+01    0.23770E+01    0
   97  100        94  103        0.70642           -9.18330       -5.05232         0.42558E+01    0.42558E+01    0
   97  101        93  105       -0.38289           -5.69776       -7.67896         0.58479E+01    0.58479E+01    0
   97  102        92  107       -0.25051           -9.95376      -11.11894         0.76898E+01    0.76898E+01    0
   97  103        91  109        0.05426          -15.91717      -15.67070         0.91594E+01    0.91594E+01    0
   97  104        90  111       -0.80694          -17.22374      -20.94300         0.10312E+02    0.10312E+02    0
   97  105        89  113        1.02463          -29.46948      -24.83696         0.11838E+02    0.11838E+02    0
   97  106        88  115       -0.93981          -19.77114      -24.38867         0.12106E+02    0.12106E+02    0
   97  107        87  117        1.02584          -29.16941      -24.20259         0.13529E+02    0.13529E+02    0
   98   99        97  100        0.26187           42.60561       45.82229         0.95737E+00    0.95737E+00    0
   98  100        96  102       -0.26326            9.45347        7.38147         0.24563E+01    0.24563E+01    0
   98  101        95  104        0.00029           -3.55623       -3.55449         0.41843E+01    0.41843E+01    0
   98  102        94  106       -0.17478           -4.44181       -5.35393         0.58258E+01    0.58258E+01    0
   98  103        93  108        0.36947          -12.59955      -10.86080         0.76472E+01    0.76472E+01    0
   98  104        92  110       -0.85721          -13.35570      -17.25490         0.91755E+01    0.91755E+01    0
   98  105        91  112       -0.29223          -21.82900      -23.20632         0.10110E+02    0.10110E+02    0
   98  107        89  116        0.21603          -24.31115      -23.26221         0.12275E+02    0.12275E+02    0
   98  108        88  118       -0.44896          -22.00424      -24.24859         0.13128E+02    0.13128E+02    0
   99  100        98  101        0.12328           18.06532       19.60335         0.93724E+00    0.93724E+00    0
   99  101        97  103        0.00885            0.42716        0.49483         0.25388E+01    0.25388E+01    0
   99  102        96  105       -0.19312           -1.93065       -3.09041         0.41752E+01    0.41752E+01    0
   99  103        95  107        0.63450          -10.44848       -7.30636         0.61675E+01    0.61675E+01    0
   99  104        94  109       -0.15096          -11.06750      -11.78672         0.75917E+01    0.75917E+01    0
   99  105        93  111       -0.77669          -14.44764      -18.20253         0.86522E+01    0.86522E+01    0
   99  106        92  113       -0.08715          -20.91281      -21.31663         0.10294E+02    0.10294E+02    0
   99  107        91  115       -0.85452          -16.88356      -21.07305         0.10946E+02    0.10946E+02    0
   99  108        90  117        0.41351          -23.82281      -21.82740         0.12364E+02    0.12364E+02    0
  100  101        99  102       -0.40030           32.56880       28.71892         0.12173E+01    0.12173E+01    0
  100  102        98  104        0.43928            4.70020        7.99646         0.25883E+01    0.25883E+01    0
  100  103        97  106        0.35782           -0.75471        1.23977         0.45133E+01    0.45133E+01    0
  100  104        96  108        0.09114           -5.60979       -5.15741         0.61761E+01    0.61761E+01    0
  100  105        95  110       -0.19065          -10.82385      -11.74386         0.75090E+01    0.75090E+01    0
  100  106        94  112       -0.30655          -15.49561      -16.97499         0.86993E+01    0.86993E+01    0
  100  108        92  116       -0.19425          -19.89263      -20.82165         0.11223E+02    0.11223E+02    0
  100  109        91  118       -1.07924          -15.28323      -20.81228         0.12018E+02    0.11653E+02    1
  100  110        90  120        0.46799          -24.02871      -21.75971         0.13563E+02    0.13563E+02    0
  101  102       100  103       -0.00953            4.64556        4.54662         0.11299E+01    0.11299E+01    0
  101  103        99  105       -0.09240            2.00517        1.34761         0.27356E+01    0.27356E+01    0
  101  104        98  107        0.12125           -3.29970       -2.61167         0.44389E+01    0.44389E+01    0
  101  105        97  109        0.44687           -9.21393       -6.90868         0.59537E+01    0.59537E+01    0
  101  106        96  111       -0.49999           -9.38177      -11.89033         0.72281E+01    0.72281E+01    0
  101  107        95  113        0.28684          -18.13311      -16.78074         0.89278E+01    0.89278E+01    0
  101  108        94  115       -0.62143          -15.31181      -18.34191         0.98255E+01    0.98255E+01    0
  101  109        93  117        0.03630          -19.55052      -19.37663         0.11224E+02    0.11224E+02    0
  101  111        91  121       -0.62504          -19.95486      -22.96001         0.13671E+02    0.13671E+02    0
  102  103       101  104        0.39979           13.98674       17.33245         0.14033E+01    0.14033E+01    0
  102  104       100  106        0.15368            4.97551        5.99563         0.29394E+01    0.29394E+01    0
  102  105        99  108        0.13792           -3.73437       -2.96337         0.45137E+01    0.45137E+01    0
  102  106        98  110       -0.00875           -6.20671       -6.25161         0.59838E+01    0.59838E+01    0
  102  107        97  112        0.30955          -13.50900      -12.01405         0.75375E+01    0.75375E+01    0
  102  109        95  116        0.08060          -17.38144      -16.99986         0.10128E+02    0.10128E+02    0
  102  110        94  118       -1.27588          -12.66657      -20.13595         0.11216E+02    0.91992E+01    1
  102  111        93  120       -1.01104          -18.22058      -22.98967         0.12673E+02    0.12673E+02    0
  102  112        92  122        1.20362          -30.07668      -23.90563         0.14725E+02    0.12803E+02    1
  103  104       102  105        0.09738           13.43796       14.27185         0.13741E+01    0.13741E+01    0
  103  105       101  107       -0.35934            0.35249       -2.09727         0.28725E+01    0.28725E+01    0
  103  106       100  109       -0.02442           -3.77995       -3.92417         0.42956E+01    0.42956E+01    0
  103  107        99  111       -0.20060           -6.90157       -7.96740         0.58066E+01    0.58066E+01    0
  103  108        98  113        0.31147          -15.09076      -13.57232         0.74878E+01    0.74878E+01    0
  103  109        97  115       -0.69388           -9.02042      -12.40656         0.86619E+01    0.86619E+01    0
  103  110        96  117        0.14676          -17.32560      -16.64570         0.10371E+02    0.10371E+02    0
  103  111        95  119        1.11028          -26.28734      -21.10216         0.12253E+02    0.11549E+02    1
  103  112        94  121       -1.00201          -17.83636      -22.47237         0.12919E+02    0.12919E+02    0
  103  113        93  123        0.18304          -28.00381      -27.15802         0.14240E+02    0.14240E+02    0
  104  105       103  106       -0.42265           24.78851       21.22821         0.13986E+01    0.13986E+01    0
  104  106       102  108       -0.16747            6.20585        5.01694         0.27663E+01    0.27663E+01    0
  104  107       101  110       -0.03915           -0.73945       -0.97164         0.42993E+01    0.42993E+01    0
  104  108       100  112        0.40624          -10.85281       -8.64785         0.57194E+01    0.57194E+01    0
  104  110        98  116        0.12695          -13.20844      -12.60058         0.88298E+01    0.88298E+01    0
  104  111        97  118       -1.12431          -10.38512      -16.01580         0.10324E+02    0.96092E+01    1
  104  112        96  120       -0.39379          -17.90217      -19.69516         0.11843E+02    0.11843E+02    0
  104  113        95  122        0.61950          -27.15399      -24.38515         0.13388E+02    0.13388E+02    0
  105  106       104  107       -0.11827           29.57641       28.62944         0.14729E+01    0.14729E+01    0
  105  107       103  109       -0.21770           11.07362        9.60437         0.29248E+01    0.29248E+01    0
  105  108       102  111       -0.10645            0.53627       -0.10864         0.42153E+01    0.42153E+01    0
  105  109       101  113        0.57569           -7.55167       -4.57583         0.60268E+01    0.60268E+01    0
  105  110       100  115       -0.16937           -5.88831       -6.72283         0.74506E+01    0.74506E+01    0
  105  111        99  117        0.19546          -11.78804      -10.90590         0.93788E+01    0.93788E+01    0
  105  112        98  119        1.55975          -25.80960      -15.31986         0.11550E+02    0.71412E+01    1
  105  113        97  121       -0.84692          -16.20906      -19.95754         0.12187E+02    0.12187E+02    0
  105  115        95  125       -0.46495          -22.58485      -24.65965         0.14786E+02    0.14786E+02    0
  106  107       105  108        0.33267           32.79362       35.44283         0.14813E+01    0.14813E+01    0
  106  108       104  110       -0.28915            9.45121        7.55351         0.30190E+01    0.30190E+01    0
  106  109       103  112        0.03048           -1.33744       -1.16492         0.45445E+01    0.45445E+01    0
  106  111       101  116       -0.09131           -9.18401       -9.60856         0.78944E+01    0.78944E+01    0
  106  112       100  118       -0.43266          -10.33873      -12.27031         0.94755E+01    0.94755E+01    0
  106  113        99  120       -0.16742          -18.75085      -19.47699         0.11088E+02    0.11088E+02    0
  106  115        97  124       -0.68693          -19.05013      -22.01988         0.13870E+02    0.13870E+02    0
  106  116        96  126        0.49995          -29.08326      -26.92987         0.15332E+02    0.15332E+02    0
  107  108       106  109        0.19806           27.48394       29.05732         0.14887E+01    0.14887E+01    0
  107  109       105  111        0.11873            8.19519        8.96718         0.30591E+01    0.30591E+01    0
  107  110       104  113       -0.44898           -7.20531       -9.62230         0.48146E+01    0.48146E+01    0
  107  111       103  115       -1.02123           -3.05336       -8.07304         0.63777E+01    0.63777E+01    0
  107  112       102  117        0.99474          -14.56829      -10.09139         0.81578E+01    0.81578E+01    0
  107  113       101  119        1.41334          -26.41874      -18.41234         0.10211E+02    0.74869E+01    1
  107  115        99  123       -0.90349          -16.81931      -20.69334         0.12593E+02    0.12593E+02    0
  107  116        98  125        0.02447          -23.19578      -23.09366         0.14373E+02    0.14373E+02    0
  107  117        97  127        0.02483          -29.84575      -29.73826         0.15288E+02    0.15288E+02    0
  108  109       107  110       -0.29540           36.48045       34.20440         0.15377E+01    0.15377E+01    0
  108  110       106  112        0.16981           -0.82095        0.25765         0.31524E+01    0.31524E+01    0
  108  112       104  116        0.45650          -12.11560       -9.92550         0.65356E+01    0.65356E+01    0
  108  113       103  118       -0.80259          -12.14578      -15.85425         0.79800E+01    0.79800E+01    0
  108  115       101  122        0.62448          -21.31410      -18.71759         0.11579E+02    0.11579E+02    0
  108  116       100  124        0.14662          -21.27960      -20.67064         0.13020E+02    0.13020E+02    0
  108  117        99  126        0.45902          -29.71479      -27.73613         0.13943E+02    0.13943E+02    0
  108  118        98  128       -0.46518          -28.84772      -30.88257         0.15143E+02    0.15143E+02    0
  109  110       108  111       -0.30157           25.31690       22.79980         0.14233E+01    0.14233E+01    0
  109  111       107  113       -0.33188           -5.00418       -7.02344         0.33165E+01    0.33165E+01    0
  109  112       106  115        0.39879           -5.82100       -3.70352         0.48942E+01    0.48942E+01    0
  109  113       105  117        0.85097          -19.54462      -15.44861         0.65408E+01    0.65408E+01    0
  109  115       103  121       -1.08014          -13.56461      -18.39501         0.98174E+01    0.95115E+01    1
  109  116       102  123        0.17287          -21.04623      -20.31973         0.11478E+02    0.11478E+02    0
  109  117       101  125        0.27879          -25.76520      -24.58472         0.12797E+02    0.12797E+02    0
  109  118       100  127       -1.09789          -22.34880      -27.36296         0.13849E+02    0.13201E+02    1
  110  111       109  112        0.16949           19.84754       21.15075         0.15597E+01    0.15597E+01    0
  110  113       107  116       -0.11742          -15.59429      -16.23000         0.48248E+01    0.48248E+01    0
  110  115       105  120       -0.36146          -16.43258      -18.10344         0.80156E+01    0.80156E+01    0
  110  116       104  122        0.68706          -24.01094      -21.12331         0.10129E+02    0.10129E+02    0
  110  117       103  124       -0.02896          -23.67997      -23.80630         0.11093E+02    0.11093E+02    0
  110  118       102  126       -0.27725          -24.03667      -25.27500         0.12159E+02    0.12159E+02    0
  110  119       101  128        1.50149          -44.21846      -33.87435         0.14346E+02    0.87684E+01    1
  111  112       110  113        0.10394            5.15518        5.97540         0.15052E+01    0.15052E+01    0
  111  113       109  115        0.17087           -0.83085        0.34846         0.29361E+01    0.29361E+01    0
  111  116       106  121       -0.51386          -14.59501      -16.95304         0.80663E+01    0.80663E+01    0
  111  117       105  123        0.13500          -22.68780      -22.05838         0.91501E+01    0.91501E+01    0
  111  118       104  125       -0.35519          -19.54119      -21.14856         0.10720E+02    0.10720E+02    0
  112  115       109  118       -0.50010           -5.47486       -8.32651         0.46384E+01    0.46384E+01    0
  112  116       108  120       -0.34117          -17.68283      -19.37870         0.64004E+01    0.64004E+01    0
  112  117       107  122        0.71369          -26.25162      -22.85964         0.78214E+01    0.78214E+01    0
  112  118       106  124       -0.37821          -17.27436      -19.07782         0.89870E+01    0.89870E+01    0
  112  120       104  128       -0.60612          -30.33580      -33.15661         0.11764E+02    0.11764E+02    0
  113  115       111  117        0.19021           -9.49693       -8.29997         0.32667E+01    0.32667E+01    0
  113  116       110  119        0.95489          -25.87202      -21.23047         0.54658E+01    0.54658E+01    0
  113  117       109  121       -0.87927          -13.85029      -18.23550         0.64003E+01    0.64003E+01    0
  113  118       108  123       -0.17337          -14.57575      -15.40987         0.77639E+01    0.77639E+01    0
  113  120       106  127       -0.46254          -22.05693      -24.23396         0.10393E+02    0.10393E+02    0
  114  115       113  116       -0.40610           29.33087       25.30826         0.12121E+01    0.12121E+01    0
  114  116       112  118       -0.48446           10.13961        6.66875         0.28707E+01    0.28707E+01    0
  114  117       111  120        0.14126          -15.25507      -14.40094         0.44107E+01    0.44107E+01    0
  114  118       110  122        0.81122          -15.81013      -11.68379         0.62931E+01    0.62931E+01    0
  114  120       108  126        0.78123          -21.32428      -17.37610         0.85501E+01    0.85501E+01    0
  114  121       107  128        0.35628          -25.62246      -23.76959         0.94366E+01    0.94366E+01    0
  115  116       114  117        0.36080           12.05172       14.67701         0.16497E+01    0.16497E+01    0
  115  117       113  119        0.04831          -15.76570      -15.42752         0.29437E+01    0.29437E+01    0
  115  118       112  121       -1.21166            2.36824       -5.68512         0.46354E+01    0.40035E+01    1
  115  120       110  125       -0.18204          -13.72488      -14.62135         0.76440E+01    0.76440E+01    0
  115  121       109  127       -0.42818          -15.56028      -17.79866         0.82959E+01    0.82959E+01    0
  116  117       115  118        0.07050           23.91138       24.58760         0.12514E+01    0.12514E+01    0
  116  118       114  120       -0.42584            0.24773       -2.86080         0.28280E+01    0.28280E+01    0
  116  119       113  122        0.94749          -29.63195      -23.87989         0.43894E+01    0.43894E+01    0
  116  120       112  124       -1.23803           -9.02231      -16.86809         0.60024E+01    0.50737E+01    1
  116  121       111  126       -0.25861          -18.37070      -19.81029         0.67765E+01    0.67765E+01    0
  116  122       110  128        0.68702          -29.06083      -25.53950         0.84853E+01    0.84853E+01    0
  117  120       114  123       -0.23760           -6.18621       -7.53603         0.47140E+01    0.47140E+01    0
  117  121       113  125       -0.43564          -10.23805      -12.68859         0.57379E+01    0.57379E+01    0
  117  122       112  127        0.10375          -18.59919      -18.08277         0.76099E+01    0.76099E+01    0
  118  120       116  122       -0.16687            2.20550        1.06860         0.30254E+01    0.30254E+01    0
  118  121       115  124        0.30552           -3.75385       -1.78982         0.41710E+01    0.41710E+01    0
  118  122       114  126        0.61493          -23.54399      -20.06676         0.57366E+01    0.57366E+01    0
  118  123       113  128       -1.18309          -18.38668      -25.61252         0.70626E+01    0.62471E+01    1
  119  120       118  121        0.34652           26.57781       28.68944         0.19717E+01    0.19717E+01    0
  119  121       117  123       -0.75395            7.74230        1.99845         0.27101E+01    0.27101E+01    0
  119  122       116  125        0.20603          -11.68847      -10.53499         0.47994E+01    0.47994E+01    0
  119  123       115  127       -0.42629          -12.00398      -14.27734         0.61283E+01    0.61283E+01    0
  120  121       119  122       -0.58738           34.36220       27.78739         0.10723E+01    0.10723E+01    0
  120  122       118  124        0.20132            0.31051        1.75783         0.28793E+01    0.28793E+01    0
  120  123       117  126       -0.16764           -7.68073       -8.85425         0.38635E+01    0.38635E+01    0
  120  124       116  128        0.24329          -20.28454      -18.87602         0.56758E+01    0.56758E+01    0
  121  122       120  123        0.09108           32.33357       32.93567         0.18183E+01    0.18183E+01    0
  121  123       119  125       -0.26173           17.81901       15.99869         0.29861E+01    0.29861E+01    0
  121  124       118  127        0.13861           -4.90248       -4.09091         0.46518E+01    0.46518E+01    0
  122  123       121  124       -0.09093           33.55826       32.81581         0.14720E+01    0.14720E+01    0
  122  124       120  126       -0.12603           -0.14596       -1.17367         0.25572E+01    0.25572E+01    0
  122  125       119  128       -0.14672          -16.84198      -17.87871         0.38758E+01    0.38758E+01    0
  123  124       122  125       -0.41674           29.06853       25.81338         0.15423E+01    0.15423E+01    0
  123  125       121  127        0.24877            2.79538        4.78208         0.26318E+01    0.26318E+01    0
  124  125       123  126       -0.16176           26.32781       24.34632         0.98727E+00    0.98727E+00    0
  124  126       122  128       -0.10140           -8.62708       -9.25996         0.33879E+01    0.33879E+01    0
  125  126       124  127        0.56413           12.26831       15.02146         0.24914E+01    0.24914E+01    0
  126  127       125  128       -0.34584           68.33475       62.38318         0.70330E+00    0.70330E+00    0
