1072
1	106	116	96	126	3.663	0.0045011
2	107	117	97	127	3.6831	0.0045392
3	105	115	95	125	3.6868	0.0045462
4	108	118	98	128	3.6993	0.0045701
5	104	114	94	124	3.7849	0.0047342
6	102	112	92	122	3.8167	0.0047956
7	107	116	98	125	3.8293	0.00482
8	91	101	81	111	3.8817	0.0049221
9	106	115	97	124	3.8878	0.0049341
10	103	113	93	123	3.9011	0.00496
11	101	111	91	121	3.9267	0.0050103
12	109	118	100	127	3.9463	0.005049
13	93	103	83	113	3.9552	0.0050665
14	105	114	96	123	3.9648	0.0050855
15	92	102	82	112	3.9811	0.0051178
16	90	100	80	110	3.9981	0.0051514
17	100	110	90	120	4.0178	0.0051907
18	99	109	89	119	4.0447	0.0052443
19	108	117	99	126	4.0454	0.0052459
20	94	104	84	114	4.0693	0.0052936
21	87	97	77	107	4.0707	0.0052965
22	88	98	78	108	4.0736	0.0053024
23	89	99	79	109	4.0792	0.0053136
24	97	107	87	117	4.107	0.0053696
25	98	108	88	118	4.1111	0.0053778
26	91	100	82	109	4.1201	0.0053959
27	103	112	94	121	4.1362	0.0054284
28	95	105	85	115	4.138	0.0054321
29	104	113	95	122	4.1549	0.0054663
30	96	106	86	116	4.1792	0.0055156
31	86	96	76	106	4.1816	0.0055206
32	110	119	101	128	4.1812	0.0055198
33	108	116	100	124	4.2011	0.0055603
34	102	111	93	120	4.2184	0.0055956
35	106	114	98	122	4.2324	0.0056244
36	90	99	81	108	4.2478	0.005656
37	85	95	75	105	4.2491	0.0056585
38	107	115	99	123	4.2505	0.0056615
39	101	110	92	119	4.2582	0.0056773
40	95	104	86	113	4.2998	0.0057631
41	94	103	85	112	4.3036	0.005771
42	89	98	80	107	4.3356	0.0058372
43	109	117	101	125	4.3506	0.0058684
44	105	113	97	121	4.3726	0.0059143
45	92	101	83	110	4.3859	0.005942
46	100	109	91	118	4.3863	0.0059429
47	93	102	84	111	4.3933	0.0059574
48	96	105	87	114	4.3996	0.0059706
49	84	94	74	104	4.3987	0.0059687
50	99	108	90	117	4.4124	0.0059974
51	97	106	88	115	4.4322	0.006039
52	79	89	69	99	4.4364	0.0060478
53	98	107	89	116	4.4505	0.0060776
54	87	96	78	105	4.4501	0.0060766
55	88	97	79	106	4.4539	0.0060846
56	110	118	102	126	4.5242	0.0062334
57	104	112	96	120	4.5243	0.0062336
58	86	95	77	104	4.5283	0.0062422
59	103	111	95	119	4.5374	0.0062615
60	80	90	70	100	4.5446	0.0062769
61	78	88	68	98	4.5614	0.0063126
62	83	93	73	103	4.5637	0.0063175
63	90	98	82	106	4.5966	0.0063878
64	81	91	71	101	4.5968	0.0063883
65	82	92	72	102	4.6162	0.0064298
66	95	103	87	111	4.6312	0.0064622
67	94	102	86	110	4.6297	0.0064589
68	93	101	85	109	4.6386	0.006478
69	111	119	103	127	4.6378	0.0064763
70	76	86	66	96	4.6493	0.0065011
71	96	104	88	112	4.6547	0.0065128
72	102	110	94	118	4.6651	0.0065353
73	85	94	76	103	4.6702	0.0065463
74	77	87	67	97	4.669	0.0065437
75	107	114	100	121	4.6757	0.0065582
76	91	99	83	107	4.6978	0.0066061
77	84	93	75	102	4.7206	0.0066556
78	108	115	101	122	4.7317	0.0066797
79	89	97	81	105	4.7357	0.0066883
80	97	105	89	113	4.7445	0.0067075
81	109	116	102	123	4.7635	0.0067491
82	112	120	104	128	4.7749	0.0067739
83	74	84	64	94	4.7842	0.0067943
84	101	109	93	117	4.7903	0.0068076
85	100	108	92	116	4.7974	0.0068232
86	79	88	70	97	4.8361	0.0069083
87	105	112	98	119	4.8374	0.0069113
88	98	106	90	114	4.8536	0.0069468
89	99	107	91	115	4.8549	0.0069498
90	88	96	80	104	4.87	0.0069831
91	106	113	99	120	4.8715	0.0069864
92	80	89	71	98	4.8723	0.0069881
93	75	85	65	95	4.9002	0.00705
94	73	83	63	93	4.9229	0.0071003
95	86	94	78	102	4.9408	0.0071401
96	92	100	84	108	4.9502	0.0071613
97	87	95	79	103	4.9646	0.0071934
98	110	117	103	124	4.9689	0.0072029
99	73	82	64	91	4.9798	0.0072273
100	94	101	87	108	4.9867	0.0072427
101	78	87	69	96	5.0004	0.0072734
102	83	92	74	101	5.0137	0.0073034
103	81	90	72	99	5.0163	0.0073091
104	85	93	77	101	5.0199	0.0073173
105	84	92	76	100	5.0342	0.0073495
106	104	111	97	118	5.0331	0.0073469
107	111	118	104	125	5.04	0.0073625
108	61	71	51	81	5.0431	0.0073695
109	96	103	89	110	5.0446	0.0073728
110	76	85	67	94	5.0467	0.0073776
111	72	82	62	92	5.0603	0.0074084
112	95	102	88	109	5.0841	0.0074621
113	77	86	68	95	5.093	0.0074823
114	93	100	86	107	5.1255	0.0075559
115	103	110	96	117	5.1557	0.0076249
116	70	80	60	90	5.1642	0.0076441
117	97	104	90	111	5.1855	0.0076929
118	71	81	61	91	5.1994	0.0077246
119	74	82	66	90	5.2184	0.0077681
120	89	96	82	103	5.2327	0.007801
121	113	120	106	127	5.2357	0.007808
122	74	83	65	92	5.264	0.0078732
123	99	106	92	113	5.2696	0.007886
124	75	84	66	93	5.2714	0.0078902
125	102	109	95	116	5.2737	0.0078955
126	65	75	55	85	5.2771	0.0079034
127	79	87	71	95	5.296	0.007947
128	69	79	59	89	5.3088	0.0079767
129	60	70	50	80	5.3224	0.0080082
130	88	95	81	102	5.3188	0.0079999
131	100	107	93	114	5.349	0.00807
132	85	92	78	99	5.3512	0.0080752
133	62	72	52	82	5.372	0.0081235
134	98	105	91	112	5.3783	0.0081383
135	101	108	94	115	5.3838	0.0081511
136	109	115	103	121	5.3873	0.0081593
137	87	94	80	101	5.4029	0.0081959
138	82	91	73	100	5.407	0.0082053
139	91	98	84	105	5.4206	0.0082372
140	92	99	85	106	5.4315	0.0082627
141	68	78	58	88	5.4368	0.0082753
142	80	88	72	96	5.4582	0.0083255
143	110	116	104	122	5.4747	0.0083643
144	108	114	102	120	5.4868	0.0083929
145	63	73	53	83	5.4921	0.0084052
146	107	113	101	119	5.4942	0.0084104
147	106	112	100	118	5.4974	0.0084178
148	64	74	54	84	5.5038	0.0084329
149	90	97	83	104	5.5115	0.0084511
150	112	119	105	126	5.5458	0.0085323
151	72	81	63	90	5.5474	0.0085361
152	86	93	79	100	5.5503	0.008543
153	61	70	52	79	5.5716	0.0085936
154	62	71	53	80	5.5794	0.0086123
155	105	111	99	117	5.5862	0.0086285
156	59	69	49	79	5.599	0.008659
157	83	91	75	99	5.6044	0.0086718
158	75	83	67	91	5.6108	0.008687
159	78	86	70	94	5.6115	0.0086887
160	63	72	54	81	5.6373	0.0087505
161	84	91	77	98	5.6376	0.0087511
162	94	100	88	106	5.6361	0.0087476
163	71	80	62	89	5.6593	0.0088031
164	95	101	89	107	5.6713	0.0088321
165	56	66	46	76	5.7238	0.0089583
166	77	85	69	93	5.712	0.0089299
167	68	77	59	86	5.7166	0.008941
168	98	104	92	110	5.7463	0.0090126
169	60	69	51	78	5.7594	0.0090444
170	93	99	87	105	5.7558	0.0090357
171	69	78	60	87	5.7677	0.0090645
172	76	84	68	92	5.7818	0.0090988
173	114	121	107	128	5.797	0.0091356
174	96	102	90	108	5.7948	0.0091302
175	70	79	61	88	5.8132	0.009175
176	97	103	91	109	5.8185	0.0091879
177	75	82	68	89	5.8251	0.009204
178	81	89	73	97	5.8344	0.0092267
179	73	81	65	89	5.8501	0.009265
180	86	92	80	98	5.8709	0.0093159
181	66	76	56	86	5.8897	0.009362
182	58	68	48	78	5.9176	0.0094303
183	74	81	67	88	5.8994	0.0093857
184	112	118	106	124	5.9442	0.0094958
185	104	110	98	116	5.9529	0.0095171
186	88	94	82	100	5.9541	0.0095201
187	103	109	97	115	5.9641	0.0095448
188	111	117	105	123	5.9733	0.0095675
189	102	108	96	114	5.9891	0.0096067
190	101	107	95	113	6.0089	0.0096557
191	113	119	107	125	6.0107	0.0096601
192	87	93	81	99	6.0483	0.0097534
193	61	69	53	77	6.0517	0.009762
194	91	97	85	103	6.0669	0.0097997
195	100	106	94	112	6.0949	0.0098696
196	99	105	93	111	6.1026	0.0098889
197	70	78	62	86	6.1116	0.0099114
198	55	65	45	75	6.1545	0.010019
199	59	68	50	77	6.1457	0.0099966
200	63	71	55	79	6.1646	0.010044
201	72	80	64	88	6.1636	0.010042
202	62	70	54	78	6.1801	0.010083
203	79	86	72	93	6.1839	0.010093
204	82	90	74	98	6.2103	0.010159
205	92	98	86	104	6.2099	0.010158
206	83	90	76	97	6.2263	0.0102
207	65	74	56	83	6.2438	0.010244
208	84	90	78	96	6.2394	0.010233
209	54	64	44	74	6.2758	0.010325
210	76	83	69	90	6.2578	0.010279
211	58	67	49	76	6.309	0.010409
212	114	120	108	126	6.32	0.010437
213	67	76	58	85	6.3505	0.010515
214	64	73	55	82	6.3231	0.010445
215	71	79	63	87	6.3307	0.010464
216	109	114	104	119	6.3294	0.010461
217	85	91	79	97	6.3481	0.010509
218	115	121	109	127	6.3651	0.010552
219	89	95	83	101	6.3778	0.010585
220	60	68	52	76	6.3785	0.010587
221	53	63	43	73	6.3866	0.010607
222	69	77	61	85	6.4268	0.010711
223	90	96	84	102	6.4349	0.010731
224	73	80	66	87	6.4402	0.010745
225	61	68	54	75	6.4948	0.010886
226	107	112	102	117	6.5055	0.010913
227	78	85	71	92	6.5195	0.010949
228	116	122	110	128	6.5395	0.011002
229	76	82	70	88	6.5498	0.011028
230	44	54	34	64	6.549	0.011026
231	64	72	56	80	6.5598	0.011054
232	87	92	82	97	6.5634	0.011063
233	106	111	101	116	6.564	0.011065
234	55	64	46	73	6.5726	0.011087
235	111	116	106	121	6.5727	0.011088
236	108	113	103	118	6.5751	0.011094
237	56	65	47	74	6.5953	0.011146
238	80	87	73	94	6.6082	0.01118
239	48	58	38	68	6.6241	0.011222
240	50	60	40	70	6.627	0.011229
241	52	62	42	72	6.659	0.011313
242	93	98	88	103	6.6387	0.01126
243	65	72	58	79	6.6504	0.01129
244	49	59	39	69	6.6535	0.011299
245	68	76	60	84	6.68	0.011368
246	110	115	105	120	6.6613	0.011319
247	94	99	89	104	6.665	0.011329
248	77	84	70	91	6.7151	0.01146
249	97	102	92	107	6.7612	0.011582
250	96	101	91	106	6.7609	0.011581
251	67	75	59	83	6.8175	0.011731
252	113	118	108	123	6.8108	0.011713
253	45	55	35	65	6.838	0.011785
254	95	100	90	105	6.8217	0.011742
255	74	80	68	86	6.8228	0.011745
256	75	81	69	87	6.827	0.011756
257	70	77	63	84	6.8528	0.011825
258	51	61	41	71	6.8449	0.011804
259	59	67	51	75	6.8479	0.011812
260	105	110	100	115	6.8526	0.011824
261	98	103	93	108	6.8693	0.011869
262	99	104	94	109	6.8731	0.011879
263	115	120	110	125	6.8865	0.011914
264	43	53	33	63	6.8973	0.011943
265	83	89	77	95	6.9055	0.011965
266	81	88	74	95	6.9048	0.011963
267	62	69	55	76	6.9353	0.012045
268	82	89	75	96	6.9303	0.012032
269	100	105	95	110	6.9386	0.012054
270	71	78	64	85	6.9491	0.012082
271	91	96	86	101	6.9624	0.012117
272	102	107	97	112	6.9857	0.01218
273	86	91	81	96	7.0173	0.012265
274	58	66	50	74	7.0184	0.012268
275	85	90	80	95	7.0181	0.012267
276	60	67	53	74	7.0306	0.012301
277	42	52	32	62	7.0358	0.012315
278	117	122	112	127	7.0423	0.012333
279	92	97	87	102	7.0659	0.012396
280	103	108	98	113	7.0722	0.012414
281	112	117	107	122	7.0793	0.012433
282	104	109	99	114	7.1004	0.01249
283	53	62	44	71	7.1163	0.012533
284	101	106	96	111	7.1581	0.012647
285	54	63	45	72	7.1665	0.01267
286	114	119	109	124	7.2339	0.012854
287	44	53	35	62	7.2412	0.012874
288	50	59	41	68	7.2787	0.012977
289	52	61	43	70	7.3769	0.013248
290	43	52	34	61	7.3642	0.013213
291	56	64	48	72	7.4105	0.013341
292	84	89	79	94	7.4074	0.013332
293	31	41	21	51	7.4333	0.013404
294	63	70	56	77	7.4257	0.013383
295	90	95	85	100	7.4312	0.013398
296	65	71	59	77	7.4372	0.013415
297	24	34	14	44	7.4556	0.013466
298	39	49	29	59	7.4593	0.013476
299	46	56	36	66	7.5247	0.013659
300	25	35	15	45	7.5805	0.013816
301	77	83	71	89	7.5016	0.013595
302	45	54	36	63	7.521	0.013649
303	41	51	31	61	7.5168	0.013637
304	72	79	65	86	7.5147	0.013631
305	49	58	40	67	7.5192	0.013644
306	118	123	113	128	7.5438	0.013713
307	40	50	30	60	7.5611	0.013761
308	66	74	58	82	7.5852	0.013829
309	30	40	20	50	7.5877	0.013836
310	66	73	59	80	7.6249	0.013941
311	42	51	33	60	7.6605	0.014041
312	69	76	62	83	7.6598	0.014039
313	38	48	28	58	7.6805	0.014098
314	36	46	26	56	7.7287	0.014234
315	23	33	13	43	7.6899	0.014124
316	88	93	83	98	7.7086	0.014177
317	55	63	47	71	7.7104	0.014182
318	47	56	38	65	7.7275	0.014231
319	61	67	55	73	7.7467	0.014285
320	73	79	67	85	7.7344	0.014251
321	56	63	49	70	7.8695	0.014636
322	89	94	84	99	7.8394	0.01455
323	51	60	42	69	7.8425	0.014559
324	116	121	111	126	7.8485	0.014576
325	76	81	71	86	7.8853	0.014682
326	29	39	19	49	7.9213	0.014785
327	79	85	73	91	7.9163	0.014771
328	107	111	103	115	7.9212	0.014785
329	48	56	40	64	7.9342	0.014822
330	94	98	90	102	7.9736	0.014936
331	46	55	37	64	7.9782	0.014949
332	62	68	56	74	7.9876	0.014976
333	53	61	45	69	7.9903	0.014984
334	54	62	46	70	7.9873	0.014976
335	81	87	75	93	8.0176	0.015063
336	108	112	104	116	8.0204	0.015071
337	110	114	106	118	8.0462	0.015146
338	52	60	44	68	8.0469	0.015148
339	82	88	76	94	8.0737	0.015226
340	78	84	72	90	8.0957	0.01529
341	38	47	29	56	8.2253	0.015669
342	111	115	107	119	8.1424	0.015426
343	59	66	52	73	8.1399	0.015419
344	27	37	17	47	8.1788	0.015533
345	32	42	22	52	8.1662	0.015496
346	26	36	16	46	8.1883	0.015561
347	37	46	28	55	8.1887	0.015562
348	83	88	78	93	8.2063	0.015613
349	35	45	25	55	8.2618	0.015777
350	18	28	8	38	8.2492	0.015739
351	93	97	89	101	8.2241	0.015665
352	113	117	109	121	8.23	0.015683
353	86	90	82	94	8.2463	0.015731
354	109	113	105	117	8.2488	0.015738
355	100	104	96	108	8.2633	0.015781
356	31	40	22	49	8.2826	0.015838
357	33	43	23	53	8.2835	0.01584
358	28	38	18	48	8.2851	0.015845
359	67	74	60	81	8.2968	0.01588
360	64	70	58	76	8.3017	0.015894
361	68	75	61	82	8.3082	0.015913
362	22	32	12	42	8.3153	0.015934
363	66	72	60	78	8.3346	0.015991
364	43	51	35	59	8.3374	0.016
365	47	55	39	63	8.3441	0.01602
366	112	116	108	120	8.3518	0.016042
367	106	110	102	114	8.4053	0.016201
368	96	100	92	104	8.4121	0.016221
369	114	118	110	122	8.4233	0.016254
370	99	103	95	107	8.4337	0.016286
371	72	78	66	84	8.4691	0.016391
372	30	39	21	48	8.475	0.016409
373	95	99	91	103	8.4785	0.016419
374	80	86	74	92	8.4764	0.016413
375	26	35	17	44	8.4803	0.016424
376	77	82	72	87	8.508	0.016507
377	34	44	24	54	8.5137	0.016524
378	119	123	115	127	8.5109	0.016516
379	51	59	43	67	8.5213	0.016547
380	105	109	101	113	8.5236	0.016554
381	41	50	32	59	8.5364	0.016592
382	102	106	98	110	8.5431	0.016612
383	91	95	87	99	8.5496	0.016632
384	47	54	40	61	8.5522	0.01664
385	44	52	36	60	8.5579	0.016657
386	52	59	45	66	8.5688	0.01669
387	75	80	70	85	8.5718	0.016698
388	46	54	38	62	8.5789	0.01672
389	116	120	112	124	8.5956	0.01677
390	60	66	54	72	8.616	0.016832
391	85	89	81	93	8.6402	0.016904
392	25	34	16	43	8.6595	0.016963
393	42	50	34	58	8.6683	0.016989
394	115	119	111	123	8.6976	0.017078
395	101	105	97	109	8.6833	0.017035
396	40	49	31	58	8.7264	0.017165
397	98	102	94	106	8.714	0.017128
398	97	101	93	105	8.7237	0.017157
399	24	33	15	42	8.7428	0.017215
400	19	29	9	39	8.7407	0.017209
401	23	32	14	41	8.7586	0.017263
402	11	21	1	31	8.7724	0.017305
403	92	96	88	100	8.7629	0.017276
404	36	45	27	54	8.831	0.017483
405	45	53	37	61	8.8238	0.017462
406	32	41	23	50	8.8706	0.017605
407	103	107	99	111	8.82	0.01745
408	74	79	69	84	8.8426	0.017519
409	48	55	41	62	8.8467	0.017531
410	27	36	18	45	8.9473	0.01784
411	58	65	51	72	8.9255	0.017773
412	20	30	10	40	8.9306	0.017788
413	17	27	7	37	8.9661	0.017898
414	55	62	48	69	8.9533	0.017858
415	53	60	46	67	8.9568	0.017869
416	71	77	65	83	8.9919	0.017977
417	50	58	42	66	9.0159	0.018051
418	117	121	113	125	9.0169	0.018054
419	16	26	6	36	9.0506	0.018158
420	29	38	20	47	9.0756	0.018236
421	104	108	100	112	9.0775	0.018242
422	67	73	61	79	9.0888	0.018277
423	21	31	11	41	9.0986	0.018307
424	32	40	24	48	9.1644	0.018512
425	70	76	64	82	9.1777	0.018553
426	69	75	63	81	9.1854	0.018577
427	35	44	26	53	9.2325	0.018724
428	27	35	19	43	9.2468	0.018769
429	37	45	29	53	9.2964	0.018924
430	33	42	24	51	9.2663	0.01883
431	90	94	86	98	9.2823	0.01888
432	84	88	80	92	9.2884	0.018899
433	34	43	25	52	9.332	0.019036
434	18	27	9	36	9.2973	0.018927
435	51	58	44	65	9.321	0.019002
436	28	37	19	46	9.353	0.019102
437	33	41	25	49	9.3708	0.019158
438	12	22	2	32	9.376	0.019175
439	65	70	60	75	9.3964	0.019239
440	118	122	114	126	9.4274	0.019337
441	120	124	116	128	9.4125	0.01929
442	20	29	11	38	9.4251	0.01933
443	56	62	50	68	9.4738	0.019484
444	88	92	84	96	9.4627	0.019449
445	19	28	10	37	9.4674	0.019464
446	61	66	56	71	9.5219	0.019637
447	38	46	30	54	9.4988	0.019563
448	68	74	62	80	9.5487	0.019722
449	42	49	35	56	9.6586	0.020073
450	58	64	52	70	9.606	0.019905
451	15	25	5	35	9.6091	0.019915
452	22	31	13	40	9.6196	0.019948
453	21	30	12	39	9.6273	0.019973
454	39	47	31	55	9.6208	0.019952
455	89	93	85	97	9.6492	0.020043
456	13	23	3	33	9.6479	0.020039
457	66	71	61	76	9.6706	0.020112
458	14	24	4	34	9.6884	0.020169
459	23	31	15	39	9.6935	0.020185
460	87	91	83	95	9.7434	0.020346
461	73	78	68	83	9.7769	0.020454
462	54	61	47	68	9.7952	0.020513
463	64	69	59	74	9.799	0.020525
464	36	44	28	52	9.8382	0.020652
465	16	25	7	34	9.8677	0.020747
466	82	87	77	92	9.8847	0.020802
467	40	48	32	56	9.975	0.021096
468	12	21	3	30	9.9161	0.020905
469	81	86	76	91	9.9476	0.021007
470	17	26	8	35	10.059	0.02137
471	53	59	47	65	10	0.021179
472	10	19	1	28	10.022	0.021251
473	59	65	53	71	10.012	0.021218
474	26	34	18	42	10.087	0.021463
475	67	72	62	77	10.12	0.021571
476	113	116	110	119	10.108	0.021531
477	13	22	4	31	10.123	0.021581
478	28	36	20	44	10.124	0.021585
479	31	39	23	47	10.143	0.021647
480	63	68	58	73	10.195	0.021818
481	46	53	39	60	10.184	0.02178
482	15	24	6	33	10.222	0.021908
483	52	58	46	64	10.231	0.021938
484	18	26	10	34	10.237	0.021956
485	78	83	73	88	10.246	0.021986
486	29	37	21	45	10.315	0.022214
487	33	40	26	47	10.259	0.022028
488	44	51	37	58	10.27	0.022066
489	80	85	75	90	10.296	0.022153
490	17	25	9	33	10.331	0.02227
491	20	28	12	36	10.355	0.022348
492	22	30	14	38	10.366	0.022383
493	55	61	49	67	10.384	0.022443
494	24	32	16	40	10.422	0.022572
495	109	112	106	115	10.428	0.022591
496	11	20	2	29	10.471	0.022735
497	49	56	42	63	10.473	0.022743
498	30	38	22	46	10.503	0.022844
499	39	46	32	53	10.544	0.022981
500	108	111	105	114	10.568	0.023061
501	38	45	31	52	10.619	0.023233
502	79	84	74	89	10.617	0.023226
503	107	110	104	113	10.651	0.02334
504	59	64	54	69	10.656	0.023359
505	16	24	8	32	10.669	0.023401
506	111	114	108	117	10.679	0.023435
507	14	23	5	32	10.685	0.023456
508	115	118	112	121	10.686	0.023458
509	25	33	17	41	10.744	0.023656
510	21	29	13	37	10.749	0.023671
511	34	42	26	50	10.816	0.023902
512	117	120	114	123	10.826	0.023933
513	119	122	116	125	10.841	0.023985
514	121	124	118	127	10.917	0.024246
515	110	113	107	116	10.948	0.024354
516	112	115	109	118	10.975	0.024444
517	45	52	38	59	11.011	0.024569
518	35	43	27	51	11.006	0.024553
519	34	41	27	48	11.04	0.024668
520	106	109	103	112	11.043	0.024677
521	83	87	79	91	11.054	0.024715
522	60	65	55	70	11.104	0.02489
523	100	103	97	106	11.097	0.024867
524	68	73	63	78	11.128	0.024972
525	28	35	21	42	11.13	0.024981
526	19	27	11	35	11.214	0.025271
527	102	105	99	108	11.214	0.025271
528	13	21	5	29	11.234	0.025339
529	95	98	92	101	11.294	0.02555
530	18	25	11	32	11.285	0.025518
531	69	74	64	79	11.312	0.025611
532	94	97	91	100	11.326	0.025659
533	101	104	98	107	11.384	0.025862
534	58	63	53	68	11.392	0.025891
535	14	22	6	30	11.4	0.025919
536	54	60	48	66	11.445	0.026079
537	23	30	16	37	11.46	0.02613
538	70	75	65	80	11.488	0.026228
539	37	44	30	51	11.527	0.026366
540	49	55	43	61	11.531	0.026382
541	32	39	25	46	11.544	0.026426
542	11	19	3	27	11.587	0.026578
543	71	76	66	81	11.617	0.026684
544	72	77	67	82	11.629	0.026726
545	104	107	101	110	11.648	0.026796
546	56	61	51	66	11.709	0.027012
547	24	31	17	38	11.731	0.02709
548	50	56	44	62	11.719	0.027046
549	29	36	22	43	11.724	0.027063
550	15	23	7	31	11.724	0.027062
551	93	96	90	99	11.751	0.027162
552	76	80	72	84	11.775	0.027247
553	19	26	12	33	11.771	0.027232
554	41	48	34	55	11.777	0.027252
555	103	106	100	109	11.778	0.027258
556	31	38	24	45	11.812	0.027378
557	105	108	102	111	11.83	0.027443
558	27	34	20	41	11.885	0.027638
559	114	117	111	120	11.897	0.027682
560	96	99	93	102	11.947	0.027861
561	12	20	4	28	11.956	0.027893
562	48	54	42	60	12.04	0.028196
563	85	88	82	91	11.996	0.028039
564	44	50	38	56	12.013	0.0281
565	47	53	41	59	11.994	0.028031
566	25	32	18	39	12.023	0.028136
567	99	102	96	105	12.042	0.028203
568	98	101	95	104	12.081	0.028346
569	97	100	94	103	12.107	0.028439
570	40	47	33	54	12.103	0.028425
571	118	121	115	124	12.117	0.028475
572	9	17	1	25	12.136	0.028545
573	89	92	86	95	12.176	0.02869
574	20	27	13	34	12.208	0.028806
575	30	37	23	44	12.216	0.028837
576	17	24	10	31	12.254	0.028975
577	26	33	19	40	12.241	0.028925
578	91	94	88	97	12.314	0.029194
579	22	29	15	36	12.318	0.029209
580	21	28	14	35	12.326	0.029238
581	65	69	61	73	12.418	0.029574
582	36	43	29	50	12.407	0.029534
583	116	119	113	122	12.492	0.029846
584	55	60	50	65	12.681	0.030545
585	43	49	37	55	12.577	0.030161
586	81	85	77	89	12.628	0.030348
587	67	71	63	75	12.663	0.030479
588	46	52	40	58	12.639	0.030391
589	66	70	62	74	12.678	0.030534
590	10	18	2	26	12.674	0.030521
591	35	42	28	49	12.697	0.030606
592	16	23	9	30	12.744	0.030779
593	14	21	7	28	12.814	0.031041
594	15	22	8	29	12.815	0.031046
595	79	83	75	87	12.918	0.031432
596	82	86	78	90	12.986	0.031685
597	84	87	81	90	13.009	0.031772
598	68	72	64	76	13.042	0.031895
599	74	78	70	82	13.089	0.032075
600	75	79	71	83	13.099	0.032113
601	53	58	48	63	13.153	0.032317
602	34	40	28	46	13.149	0.032299
603	77	81	73	85	13.173	0.032392
604	39	45	33	51	13.17	0.032381
605	120	123	117	126	13.216	0.032555
606	78	82	74	86	13.26	0.032723
607	33	39	27	45	13.252	0.032691
608	60	64	56	68	13.361	0.033108
609	63	67	59	71	13.415	0.033312
610	88	91	85	94	13.401	0.033259
611	90	93	87	96	13.459	0.033482
612	13	20	6	27	13.42	0.033332
613	73	77	69	81	13.47	0.033523
614	92	95	89	98	13.488	0.033593
615	122	125	119	128	13.506	0.033662
616	54	59	49	64	13.686	0.034358
617	38	44	32	50	13.552	0.033842
618	12	19	5	26	13.565	0.033889
619	31	37	25	43	13.603	0.034038
620	40	46	34	52	13.606	0.034047
621	41	47	35	53	13.663	0.034268
622	32	38	26	44	13.73	0.034526
623	42	48	36	54	13.689	0.034369
624	18	24	12	30	13.719	0.034486
625	51	56	46	61	13.728	0.034522
626	23	29	17	35	13.791	0.034764
627	80	84	76	88	13.82	0.034878
628	30	36	24	42	13.874	0.035088
629	50	55	45	60	13.928	0.035301
630	25	31	19	37	14.014	0.035637
631	49	54	44	59	14.025	0.03568
632	27	33	21	39	14.051	0.035782
633	20	26	14	32	14.168	0.036242
634	8	15	1	22	14.296	0.036747
635	26	32	20	38	14.218	0.03644
636	19	25	13	31	14.277	0.036671
637	87	90	84	93	14.309	0.036799
638	10	17	3	24	14.356	0.036987
639	15	21	9	27	14.348	0.036953
640	37	43	31	49	14.38	0.037081
641	35	41	29	47	14.435	0.037299
642	21	27	15	33	14.545	0.037738
643	58	62	54	66	14.613	0.038011
644	48	53	43	58	14.658	0.03819
645	29	35	23	41	14.712	0.038407
646	22	28	16	34	14.724	0.038456
647	11	18	4	25	14.947	0.039358
648	79	82	76	85	15.139	0.040143
649	83	86	80	89	15.155	0.040206
650	124	126	122	128	15.158	0.04022
651	28	34	22	40	15.295	0.040779
652	59	63	55	67	15.258	0.040631
653	109	111	107	113	15.316	0.040866
654	14	20	8	26	15.383	0.041144
655	71	75	67	79	15.524	0.041727
656	24	30	18	36	15.536	0.041774
657	9	16	2	23	15.591	0.042005
658	13	19	7	25	15.599	0.042036
659	86	89	83	92	15.647	0.042239
660	45	50	40	55	15.757	0.042698
661	113	115	111	117	15.76	0.042708
662	61	64	58	67	15.823	0.042972
663	16	22	10	28	15.802	0.042883
664	36	42	30	48	16.096	0.04412
665	121	123	119	125	15.879	0.043208
666	64	68	60	72	15.932	0.043431
667	55	59	51	63	15.998	0.043705
668	108	110	106	112	15.894	0.04327
669	107	109	105	111	15.925	0.043399
670	33	38	28	43	15.961	0.043552
671	44	49	39	54	15.993	0.043684
672	23	28	18	33	16.038	0.043877
673	106	108	104	110	16.077	0.044041
674	17	23	11	29	16.117	0.044209
675	110	112	108	114	16.392	0.045376
676	118	120	116	122	16.412	0.045461
677	105	107	103	109	16.527	0.045955
678	72	76	68	80	16.572	0.046149
679	69	73	65	77	16.603	0.046281
680	40	45	35	50	16.651	0.04649
681	112	114	110	116	16.657	0.046516
682	43	48	38	53	16.711	0.046745
683	102	104	100	106	16.748	0.046906
684	24	29	19	34	16.852	0.047357
685	114	116	112	118	16.917	0.047637
686	54	58	50	62	17.06	0.048263
687	117	119	115	121	16.985	0.047935
688	65	68	62	71	17.03	0.048132
689	111	113	109	115	17.063	0.048273
690	42	47	37	52	17.256	0.049118
691	34	39	29	44	17.313	0.04937
692	120	122	118	124	17.343	0.049503
693	103	105	101	107	17.381	0.049668
694	70	74	66	78	17.475	0.050084
695	16	21	11	26	17.439	0.049925
696	32	37	27	42	17.478	0.050096
697	78	81	75	84	17.636	0.050797
698	116	118	114	120	17.661	0.050906
699	115	117	113	119	17.743	0.051274
700	11	17	5	23	17.721	0.051176
701	104	106	102	108	17.752	0.051313
702	30	35	25	40	17.784	0.051455
703	7	13	1	19	18.119	0.052959
704	35	40	30	45	18.019	0.052507
705	31	36	26	41	18.069	0.05273
706	119	121	117	123	18.068	0.052727
707	101	103	99	105	18.168	0.053179
708	27	32	22	37	18.319	0.05386
709	38	43	33	48	18.38	0.05414
710	39	44	34	49	18.373	0.054106
711	12	18	6	24	18.576	0.05503
712	17	22	12	27	18.507	0.054714
713	80	83	77	86	18.566	0.054986
714	29	34	24	39	18.773	0.055932
715	52	56	48	60	18.612	0.055194
716	56	60	52	64	18.76	0.055875
717	26	31	21	36	18.718	0.055682
718	50	54	46	58	18.775	0.055942
719	41	46	36	51	18.79	0.056013
720	123	125	121	127	18.859	0.05633
721	25	30	20	35	18.895	0.056496
722	14	19	9	24	18.993	0.056948
723	125	126	124	127	19.054	0.057228
724	100	102	98	104	19.069	0.057297
725	19	24	14	29	19.087	0.057383
726	81	84	78	87	19.184	0.057835
727	18	23	13	28	19.232	0.058055
728	122	124	120	126	19.553	0.059559
729	99	101	97	103	19.666	0.060088
730	10	16	4	22	19.738	0.060429
731	94	96	92	98	19.834	0.060884
732	98	100	96	102	19.861	0.061008
733	20	25	15	30	19.972	0.061538
734	9	15	3	21	19.992	0.06163
735	21	26	16	31	20.034	0.061833
736	82	85	79	88	20.115	0.062216
737	37	42	32	47	20.435	0.063749
738	15	20	10	25	20.553	0.064319
739	44	48	40	52	20.527	0.064194
740	74	77	71	80	20.653	0.064801
741	62	65	59	68	20.915	0.066074
742	97	99	95	101	20.88	0.065901
743	51	55	47	59	20.951	0.066248
744	28	33	23	38	21.037	0.066669
745	63	66	60	69	21.32	0.068059
746	96	98	94	100	21.182	0.067378
747	25	29	21	33	21.328	0.068094
748	56	59	53	62	21.356	0.068233
749	31	35	27	39	21.614	0.06951
750	13	18	8	23	21.743	0.07015
751	22	27	17	32	21.749	0.070182
752	67	70	64	73	21.979	0.07133
753	90	92	88	94	21.928	0.071074
754	77	80	74	83	21.876	0.070814
755	48	52	44	56	22.405	0.073471
756	18	22	14	26	22.345	0.073167
757	66	69	63	72	22.504	0.073972
758	64	67	61	70	22.704	0.07499
759	24	28	20	32	22.835	0.075655
760	43	47	39	51	22.836	0.075662
761	42	46	38	50	22.843	0.075697
762	84	86	82	88	22.951	0.07625
763	30	34	26	38	23.27	0.077891
764	70	73	67	76	23.078	0.076903
765	119	120	118	121	23.142	0.077231
766	68	71	65	74	23.293	0.078007
767	59	62	56	65	23.225	0.07766
768	17	21	13	25	23.353	0.078317
769	55	58	52	61	23.46	0.078874
770	36	40	32	44	23.541	0.079291
771	73	76	70	79	23.688	0.080056
772	23	27	19	31	23.641	0.079813
773	93	95	91	97	23.806	0.080672
774	76	79	73	82	23.821	0.080752
775	95	97	93	99	23.938	0.081363
776	47	51	43	55	24.314	0.083343
777	75	78	72	81	24.497	0.084312
778	32	36	28	40	24.646	0.085107
779	89	91	87	93	24.526	0.084468
780	121	122	120	123	24.803	0.085944
781	10	15	5	20	24.939	0.08667
782	8	13	3	18	25.258	0.088385
783	69	72	66	75	25.068	0.087365
784	39	43	35	47	25.648	0.0905
785	87	89	85	91	25.509	0.089745
786	91	93	89	95	25.751	0.09106
787	33	37	29	41	26.072	0.092818
788	88	90	86	92	26.14	0.09319
789	16	20	12	24	26.693	0.096246
790	79	81	77	83	26.355	0.094372
791	15	19	11	23	26.556	0.095485
792	26	30	22	34	26.549	0.095446
793	71	74	68	77	26.461	0.094959
794	117	118	116	119	26.58	0.095619
795	11	16	6	21	26.739	0.096502
796	72	75	69	78	26.776	0.09671
797	22	26	18	30	26.844	0.097088
798	41	45	37	49	26.906	0.097432
799	9	14	4	19	26.987	0.097889
800	34	38	30	42	27.139	0.098739
801	92	94	90	96	27.297	0.099624
802	35	39	31	43	27.659	0.10167
803	40	44	36	48	27.943	0.10329
804	48	51	45	54	27.939	0.10326
805	7	12	2	17	28.54	0.1067
806	53	56	50	59	27.994	0.10357
807	29	33	25	37	28.266	0.10513
808	28	32	24	36	28.051	0.1039
809	20	24	16	28	28.028	0.10377
810	83	85	81	87	28.192	0.10471
811	46	50	42	54	28.365	0.1057
812	80	82	78	84	28.42	0.10601
813	18	21	15	24	28.609	0.10711
814	19	23	15	27	28.863	0.10858
815	115	116	114	117	29.3	0.11112
816	27	31	23	35	29.441	0.11195
817	108	109	107	110	29.433	0.1119
818	123	124	122	125	30.003	0.11526
819	23	26	20	29	29.983	0.11514
820	42	45	39	48	30.201	0.11643
821	110	111	109	112	30.399	0.11761
822	47	50	44	53	30.433	0.11782
823	50	53	47	56	30.49	0.11815
824	113	114	112	115	30.545	0.11849
825	61	63	59	65	30.944	0.12088
826	86	88	84	90	30.996	0.12119
827	106	107	105	108	30.971	0.12104
828	38	42	34	46	31.443	0.1239
829	122	123	121	124	31.172	0.12226
830	107	108	106	109	31.259	0.12278
831	49	52	46	55	31.295	0.123
832	52	55	49	58	31.578	0.12472
833	25	28	22	31	31.578	0.12472
834	105	106	104	107	31.436	0.12386
835	21	25	17	29	32.28	0.12902
836	85	87	83	89	31.876	0.12654
837	58	61	55	64	31.955	0.12702
838	33	36	30	39	32.576	0.13085
839	24	27	21	30	32.468	0.13018
840	43	46	40	49	32.522	0.13052
841	65	67	63	69	32.905	0.13289
842	111	112	110	113	32.781	0.13212
843	109	110	108	111	32.994	0.13345
844	32	35	29	38	33.687	0.1378
845	45	49	41	53	33.874	0.13897
846	14	18	10	22	33.465	0.1364
847	12	16	8	20	33.337	0.13559
848	104	105	103	106	33.642	0.13751
849	10	14	6	18	33.96	0.13952
850	102	103	101	104	34.436	0.14255
851	27	30	24	33	34.674	0.14407
852	66	68	64	70	35.089	0.14674
853	31	34	28	37	35.576	0.14989
854	103	104	102	105	35.241	0.14772
855	11	15	7	19	35.246	0.14775
856	38	41	35	44	35.591	0.14999
857	17	20	14	23	35.97	0.15246
858	22	25	19	28	36.054	0.15301
859	78	80	76	82	36.813	0.158
860	16	19	13	22	37.019	0.15937
861	44	47	41	50	37.018	0.15936
862	116	117	115	118	37.959	0.16565
863	100	101	99	102	38.291	0.16789
864	26	29	23	32	38.68	0.17052
865	112	113	111	114	38.854	0.17171
866	37	40	34	43	39.014	0.1728
867	114	115	113	116	38.806	0.17138
868	82	84	80	86	39.196	0.17405
869	46	49	43	52	39.495	0.1761
870	7	11	3	15	40.696	0.18443
871	9	13	5	17	40.731	0.18467
872	62	64	60	66	41.1	0.18725
873	81	83	79	85	41.996	0.19358
874	77	79	75	81	42.154	0.19471
875	19	22	16	25	42.99	0.2007
876	76	78	74	80	42.944	0.20036
877	20	23	17	26	43.51	0.20445
878	120	121	119	122	43.765	0.2063
879	101	102	100	103	43.851	0.20693
880	21	24	18	27	44.098	0.20873
881	41	44	38	47	44.074	0.20856
882	118	119	117	120	44.34	0.2105
883	28	31	25	34	45.59	0.21972
884	39	42	36	45	47.974	0.23768
885	48	50	46	52	47.325	0.23274
886	12	15	9	18	47.393	0.23326
887	40	43	37	46	48.23	0.23964
888	45	48	42	51	48.622	0.24265
889	124	125	123	126	48.465	0.24144
890	34	37	31	40	48.705	0.24329
891	98	99	97	100	48.601	0.24249
892	15	18	12	21	49.341	0.24821
893	14	17	11	20	49.411	0.24875
894	64	66	62	68	51.546	0.26552
895	99	100	98	101	51.801	0.26755
896	29	32	26	35	52.412	0.27243
897	67	69	65	71	52.613	0.27404
898	97	98	96	99	52.619	0.27408
899	30	33	27	36	53.591	0.28193
900	23	25	21	27	53.668	0.28256
901	60	62	58	64	54.049	0.28566
902	36	39	33	42	54.979	0.29327
903	6	10	2	14	54.985	0.29332
904	13	16	10	19	55.789	0.29996
905	75	77	73	79	56.145	0.30291
906	11	14	8	17	56.613	0.30682
907	91	92	90	93	56.746	0.30793
908	10	13	7	16	56.748	0.30795
909	96	97	95	98	57.617	0.31525
910	51	53	49	55	57.754	0.31641
911	95	96	94	97	57.904	0.31767
912	49	51	47	53	58.59	0.3235
913	93	94	92	95	59.08	0.32768
914	5	9	1	13	59.843	0.33423
915	94	95	93	96	59.812	0.33396
916	26	28	24	30	60.249	0.33773
917	24	26	22	28	60.126	0.33667
918	56	58	54	60	60.832	0.34278
919	47	49	45	51	61.026	0.34447
920	35	38	32	41	61.547	0.34901
921	52	54	50	56	61.612	0.34959
922	19	21	17	23	63.398	0.36533
923	69	71	67	73	63.743	0.3684
924	58	60	56	62	63.898	0.36979
925	70	72	68	74	64.798	0.37784
926	44	46	42	48	64.653	0.37654
927	18	20	16	22	64.748	0.3774
928	22	24	20	26	64.75	0.37742
929	63	65	61	67	65.381	0.3831
930	126	127	125	128	65.446	0.38369
931	73	75	71	77	65.933	0.3881
932	74	76	72	78	66.34	0.3918
933	25	27	23	29	67.72	0.40444
934	89	90	88	91	67.507	0.40248
935	9	12	6	15	67.841	0.40556
936	71	73	69	75	68.365	0.41039
937	20	22	18	24	68.995	0.41624
938	68	70	66	72	69.83	0.42403
939	48	57	39	66	70.679	0.43201
940	50	52	48	54	71.749	0.44213
941	45	47	43	49	72.443	0.44874
942	87	88	86	89	72.507	0.44935
943	46	48	44	50	72.777	0.45194
944	8	11	5	14	73.277	0.45673
945	81	82	80	83	72.957	0.45367
946	7	10	4	13	72.823	0.45238
947	29	31	27	33	74.785	0.47131
948	21	23	19	25	74.889	0.47232
949	88	89	87	90	74.859	0.47203
950	54	56	52	58	75.01	0.4735
951	42	44	40	46	77.385	0.49682
952	41	43	39	45	78.827	0.51116
953	33	35	31	37	79.453	0.51743
954	28	30	26	32	81.192	0.535
955	86	87	85	88	80.53	0.52829
956	72	74	70	76	80.894	0.53198
957	79	80	78	81	81.806	0.54125
958	47	57	37	67	82.548	0.54884
959	14	16	12	18	83.903	0.56279
960	16	18	14	20	84.964	0.57381
961	92	93	91	94	88.224	0.60811
962	15	17	13	19	88.771	0.61394
963	6	9	3	12	89.549	0.62225
964	37	39	35	41	91.083	0.63876
965	40	42	38	44	91.515	0.64344
966	90	91	89	92	91.707	0.64552
967	17	19	15	21	92.586	0.65508
968	27	29	25	31	95.274	0.68464
969	38	40	36	42	97.097	0.70495
970	76	77	75	78	96.673	0.7002
971	57	58	56	59	99.588	0.73304
972	85	86	84	87	99.214	0.72879
973	83	84	82	85	100.79	0.7467
974	18	19	17	20	102.91	0.7711
975	12	14	10	16	107.02	0.81911
976	10	12	8	14	107.45	0.82417
977	4	7	1	10	108.25	0.83357
978	43	45	41	47	108.71	0.83915
979	84	85	83	86	109.72	0.85113
980	5	8	2	11	112.04	0.87912
981	11	13	9	15	111.25	0.86951
982	58	59	57	60	116.01	0.92753
983	30	32	28	34	120.59	0.98461
984	36	38	34	40	120.88	0.98823
985	39	41	37	43	120.64	0.98528
986	13	15	11	17	122.78	1.0123
987	7	9	5	11	128.25	1.0828
988	32	34	30	36	128.97	1.0921
989	78	79	77	80	129.56	1.0999
990	9	11	7	13	132.19	1.1344
991	48	49	47	50	134.87	1.1701
992	77	78	76	79	134.83	1.1696
993	8	10	6	12	136.17	1.1876
994	80	81	79	82	141.55	1.2606
995	45	46	44	47	142.55	1.2743
996	34	36	32	38	144.76	1.305
997	44	45	43	46	143.94	1.2936
998	65	66	64	67	145.02	1.3086
999	82	83	81	84	146.72	1.3324
1000	68	69	67	70	147.33	1.3408
1001	55	56	54	57	151.43	1.3988
1002	27	28	26	29	155.07	1.4511
1003	46	47	45	48	157.38	1.4845
1004	35	37	33	39	160.86	1.5354
1005	63	64	62	65	167.23	1.6302
1006	6	8	4	10	169.99	1.6718
1007	20	21	19	22	173.09	1.7192
1008	47	48	46	49	175.97	1.7634
1009	25	26	24	27	180.09	1.8275
1010	49	50	48	51	180.15	1.8284
1011	26	27	25	28	183.71	1.8845
1012	23	24	22	25	187.52	1.9451
1013	50	51	49	52	189.4	1.9752
1014	24	25	23	26	191.31	2.006
1015	67	68	66	69	191.55	2.0099
1016	31	33	29	35	194.52	2.0581
1017	3	5	1	7	194.91	2.0645
1018	69	70	68	71	195.02	2.0663
1019	59	60	58	61	205.44	2.2389
1020	56	57	55	58	206.47	2.2563
1021	21	22	20	23	208.92	2.2977
1022	5	7	3	9	213.59	2.3774
1023	4	6	2	8	214.4	2.3913
1024	61	62	60	63	216.8	2.4328
1025	52	53	51	54	217.78	2.4496
1026	60	61	59	62	221.41	2.5129
1027	51	52	50	53	228.98	2.6466
1028	75	76	74	77	229.93	2.6636
1029	66	67	65	68	231.24	2.6871
1030	22	23	21	24	234.28	2.7418
1031	16	17	15	18	235.65	2.7665
1032	13	14	12	15	239.02	2.8277
1033	74	75	73	76	240.6	2.8566
1034	8	9	7	10	241.69	2.8765
1035	39	40	38	41	255.97	3.1427
1036	53	54	52	55	256.17	3.1467
1037	10	11	9	12	258.83	3.1971
1038	19	20	18	21	266.29	3.3403
1039	11	12	10	13	271.58	3.4431
1040	62	63	61	64	272.23	3.4558
1041	7	8	6	9	277.65	3.5626
1042	12	13	11	14	288	3.7694
1043	54	55	53	56	292.9	3.8688
1044	38	39	37	40	318.32	4.3985
1045	71	72	70	73	329.08	4.6298
1046	14	15	13	16	339.61	4.8603
1047	64	65	63	66	342.82	4.9314
1048	9	10	8	11	344.82	4.9758
1049	70	71	69	72	349.34	5.0767
1050	6	7	5	8	354.76	5.1986
1051	2	3	1	4	366.75	5.4721
1052	37	38	36	39	374.63	5.6543
1053	73	74	72	75	374.72	5.6565
1054	29	30	28	31	383.87	5.8708
1055	28	29	27	30	393.13	6.0908
1056	15	16	14	17	393.09	6.0897
1057	5	6	4	7	395.01	6.1357
1058	43	44	42	45	412.87	6.5688
1059	4	5	3	6	418.04	6.696
1060	42	43	41	44	430.11	6.9963
1061	33	34	32	35	433.55	7.0827
1062	36	37	35	38	441.96	7.2958
1063	17	18	16	19	444.56	7.3619
1064	30	31	29	32	469.25	8.002
1065	31	32	30	33	475.14	8.1574
1066	72	73	71	74	481.93	8.3379
1067	40	41	39	42	503.38	8.9169
1068	41	42	40	43	509.21	9.0766
1069	3	4	2	5	533.39	9.7497
1070	34	35	33	36	640.14	12.917
1071	32	33	31	34	678.24	14.122
1072	35	36	34	37	685.11	14.343
