         -5.00000000           0.00000000 
          0.00000000           0.00000000 
          1.00000000           0.05000000 
          2.00000000           0.10000000 
          3.00000000           0.12000000 
          4.00000000           0.14000000 
          5.00000000           0.18000000 
          6.00000000           0.22000000 
          7.00000000           0.20000000 
          8.00000000           0.18000000 
          9.00000000           0.11000000 
         10.00000000           0.05000000 
         11.00000000           0.02000000 
         12.00000000          -0.01000000 
         13.00000000          -0.06000000 
         14.00000000          -0.11000000 
         15.00000000          -0.15000000 
         16.00000000          -0.19000000 
         17.00000000          -0.15000000 
         18.00000000          -0.11000000 
         19.00000000          -0.05000000 
         20.00000000          -0.00000000 
         21.00000000          -0.07000000 
         22.00000000          -0.13000000 
         23.00000000          -0.08000000 
         24.00000000          -0.03000000 
         25.00000000           0.03000000 
         26.00000000           0.09000000 
         27.00000000           0.09000000 
         28.00000000           0.09000000 
         29.00000000           0.12000000 
         30.00000000           0.15000000 
         31.00000000           0.16000000 
         32.00000000           0.16000000 
         33.00000000           0.21000000 
         34.00000000           0.26000000 
         35.00000000           0.24000000 
         36.00000000           0.22000000 
         37.00000000           0.35000000 
         37.99000000           0.48000000 
         38.99000000           0.48000000 
         39.99000000           0.48000000 
         40.99000000           0.55000000 
         41.99000000           0.62000000 
         42.98000000           0.73000000 
         43.98000000           0.78000000 
         44.98000000           0.83000000 
         45.98000000           0.88000000 
         46.98000000           0.93000000 
         47.98000000           0.98000000 
         48.98000000           0.94000000 
         49.98000000           0.90000000 
         50.98000000           0.86000000 
         51.98000000           0.82000000 
         52.98000000           0.88000000 
         53.98000000           0.93000000 
         54.98000000           0.89000000 
         55.98000000           0.85000000 
         56.98000000           0.80000000 
         57.98000000           0.75000000 
         58.98000000           0.78000000 
         59.98000000           0.80000000 
         60.98000000           0.80000000 
         61.98000000           0.80000000 
         62.99000000           0.81000000 
         63.99000000           0.82000000 
         64.99000000           0.81000000 
         65.99000000           0.81000000 
         66.99000000           0.83000000 
         67.99000000           0.85000000 
         68.99000000           0.87000000 
         69.99000000           0.90000000 
         70.99000000           1.00000000 
         71.98000000           1.10000000 
         72.98000000           1.20000000 
         73.98000000           1.29000000 
         74.98000000           1.34000000 
         75.97000000           1.40000000 
         76.97000000           1.46000000 
         77.97000000           1.51000000 
         78.97000000           1.41000000 
         79.97000000           1.32000000 
         80.97000000           1.37000000 
         81.97000000           1.42000000 
         82.97000000           1.37000000 
         83.97000000           1.32000000 
         84.97000000           1.35000000 
         85.97000000           1.37000000 
         86.97000000           1.40000000 
         87.97000000           1.42000000 
         88.97000000           1.39000000 
         89.97000000           1.37000000 
         90.97000000           1.42000000 
         91.97000000           1.47000000 
         92.97000000           1.48000000 
         93.97000000           1.49000000 
         94.97000000           1.50000000 
         95.98000000           1.50000000 
         96.98000000           1.52000000 
         97.98000000           1.54000000 
         98.98000000           1.54000000 
         99.98000000           1.54000000 
        100.98000000           1.58000000 
        101.98000000           1.61000000 
        102.98000000           1.60000000 
        103.98000000           1.59000000 
        104.98000000           1.62000000 
        105.98000000           1.64000000 
        106.98000000           1.68000000 
        107.98000000           1.71000000 
        108.98000000           1.73000000 
        109.99000000           1.76000000 
        110.99000000           1.81000000 
        111.99000000           1.85000000 
        112.99000000           1.84000000 
        113.99000000           1.83000000 
        114.99000000           1.84000000 
        115.99000000           1.85000000 
        116.99000000           1.86000000 
        117.99000000           1.86000000 
        118.99000000           1.83000000 
        119.99000000           1.81000000 
        120.99000000           1.86000000 
        121.99000000           1.91000000 
        122.99000000           1.96000000 
        123.99000000           2.03000000 
        124.99000000           2.14000000 
        125.98000000           2.25000000 
        126.98000000           2.34000000 
        131.98000000           2.34000000 
         -5.00000000          -5.00000000 
         -1.74000000          -5.00000000 
          1.52000000          -4.92000000 
          4.78000000          -4.83000000 
          8.05000000          -4.82000000 
         11.31000000          -4.99000000 
         14.57000000          -5.13000000 
         17.83000000          -5.12000000 
         21.09000000          -5.07000000 
         24.35000000          -5.01000000 
         27.61000000          -4.91000000 
         30.88000000          -4.85000000 
         34.14000000          -4.74000000 
         37.40000000          -4.59000000 
         40.66000000          -4.47000000 
         43.92000000          -4.22000000 
         47.18000000          -4.06000000 
         50.44000000          -4.12000000 
         53.70000000          -4.09000000 
         56.97000000          -4.20000000 
         60.23000000          -4.20000000 
         63.49000000          -4.18000000 
         66.75000000          -4.17000000 
         70.01000000          -4.10000000 
         73.27000000          -3.77000000 
         76.53000000          -3.57000000 
         79.79000000          -3.66000000 
         83.06000000          -3.64000000 
         86.32000000          -3.62000000 
         89.58000000          -3.62000000 
         92.84000000          -3.52000000 
         96.10000000          -3.50000000 
         99.36000000          -3.46000000 
        102.62000000          -3.40000000 
        105.89000000          -3.36000000 
        109.15000000          -3.26000000 
        112.41000000          -3.16000000 
        115.67000000          -3.15000000 
        118.93000000          -3.17000000 
        122.19000000          -3.08000000 
        125.45000000          -2.81000000 
        128.71000000          -2.66000000 
        131.98000000          -2.66000000 
       -639.88000000           0.00000000 
       -639.88000000        -385.93000000 
        766.86000000           2.34000000 
        766.86000000        -385.93000000 
         -3.07438941           0.00000000 
         -1.69523446           0.00000000 
         -0.70746048           0.00000000 
          0.50000000           0.02500000 
          1.50000000           0.07500000 
          2.50000000           0.11000000 
          3.50000000           0.13000000 
          4.50000000           0.16000000 
          5.50000000           0.20000000 
          6.50000000           0.21000000 
          7.50000000           0.19000000 
          8.50000000           0.14500000 
          9.50000000           0.08000000 
         10.50000000           0.03500000 
         11.50000000           0.00500000 
         12.50000000          -0.03500000 
         13.50000000          -0.08500000 
         14.50000000          -0.13000000 
         15.50000000          -0.17000000 
         16.50000000          -0.17000000 
         17.50000000          -0.13000000 
         18.50000000          -0.08000000 
         19.50000000          -0.02500000 
         20.50000000          -0.03500000 
         21.50000000          -0.10000000 
         22.50000000          -0.10500000 
         23.50000000          -0.05500000 
         24.50000000          -0.00000000 
         25.50000000           0.06000000 
         26.50000000           0.09000000 
         27.50000000           0.09000000 
         28.50000000           0.10500000 
         29.50000000           0.13500000 
         30.50000000           0.15500000 
         31.50000000           0.16000000 
         32.50000000           0.18500000 
         33.50000000           0.23500000 
         34.50000000           0.25000000 
         35.50000000           0.23000000 
         36.50000000           0.28500000 
         37.49500000           0.41500000 
         38.49000000           0.48000000 
         39.49000000           0.48000000 
         40.49000000           0.51500000 
         41.49000000           0.58500000 
         42.48500000           0.67500000 
         43.48000000           0.75500000 
         44.48000000           0.80500000 
         45.48000000           0.85500000 
         46.48000000           0.90500000 
         47.48000000           0.95500000 
         48.48000000           0.96000000 
         49.48000000           0.92000000 
         50.48000000           0.88000000 
         51.48000000           0.84000000 
         52.48000000           0.85000000 
         53.48000000           0.90500000 
         54.48000000           0.91000000 
         55.48000000           0.87000000 
         56.48000000           0.82500000 
         57.48000000           0.77500000 
         58.48000000           0.76500000 
         59.48000000           0.79000000 
         60.48000000           0.80000000 
         61.48000000           0.80000000 
         62.48500000           0.80500000 
         63.49000000           0.81500000 
         64.49000000           0.81500000 
         65.49000000           0.81000000 
         66.49000000           0.82000000 
         67.49000000           0.84000000 
         68.49000000           0.86000000 
         69.49000000           0.88500000 
         70.49000000           0.95000000 
         71.48500000           1.05000000 
         72.48000000           1.15000000 
         73.48000000           1.24500000 
         74.48000000           1.31500000 
         75.47500000           1.37000000 
         76.47000000           1.43000000 
         77.47000000           1.48500000 
         78.47000000           1.46000000 
         79.47000000           1.36500000 
         80.47000000           1.34500000 
         81.47000000           1.39500000 
         82.47000000           1.39500000 
         83.47000000           1.34500000 
         84.47000000           1.33500000 
         85.47000000           1.36000000 
         86.47000000           1.38500000 
         87.47000000           1.41000000 
         88.47000000           1.40500000 
         89.47000000           1.38000000 
         90.47000000           1.39500000 
         91.47000000           1.44500000 
         92.47000000           1.47500000 
         93.47000000           1.48500000 
         94.47000000           1.49500000 
         95.47500000           1.50000000 
         96.48000000           1.51000000 
         97.48000000           1.53000000 
         98.48000000           1.54000000 
         99.48000000           1.54000000 
        100.48000000           1.56000000 
        101.48000000           1.59500000 
        102.48000000           1.60500000 
        103.48000000           1.59500000 
        104.48000000           1.60500000 
        105.48000000           1.63000000 
        106.48000000           1.66000000 
        107.48000000           1.69500000 
        108.48000000           1.72000000 
        109.48500000           1.74500000 
        110.49000000           1.78500000 
        111.49000000           1.83000000 
        112.49000000           1.84500000 
        113.49000000           1.83500000 
        114.49000000           1.83500000 
        115.49000000           1.84500000 
        116.49000000           1.85500000 
        117.49000000           1.86000000 
        118.49000000           1.84500000 
        119.49000000           1.82000000 
        120.49000000           1.83500000 
        121.49000000           1.88500000 
        122.49000000           1.93500000 
        123.49000000           1.99500000 
        124.49000000           2.08500000 
        125.48500000           2.19500000 
        126.48000000           2.29500000 
        127.68746048           2.34000000 
        128.67523446           2.34000000 
        130.05438940           2.34000000 
         -3.37000000          -5.00000000 
         -0.11000000          -4.96000000 
          3.15000000          -4.87500000 
          6.41500000          -4.82500000 
          9.68000000          -4.90500000 
         12.94000000          -5.06000000 
         16.20000000          -5.12500000 
         19.46000000          -5.09500000 
         22.72000000          -5.04000000 
         25.98000000          -4.96000000 
         29.24500000          -4.88000000 
         32.51000000          -4.79500000 
         35.77000000          -4.66500000 
         39.03000000          -4.53000000 
         42.29000000          -4.34500000 
         45.55000000          -4.14000000 
         48.81000000          -4.09000000 
         52.07000000          -4.10500000 
         55.33500000          -4.14500000 
         58.60000000          -4.20000000 
         61.86000000          -4.19000000 
         65.12000000          -4.17500000 
         68.38000000          -4.13500000 
         71.64000000          -3.93500000 
         74.90000000          -3.67000000 
         78.16000000          -3.61500000 
         81.42500000          -3.65000000 
         84.69000000          -3.63000000 
         87.95000000          -3.62000000 
         91.21000000          -3.57000000 
         94.47000000          -3.51000000 
         97.73000000          -3.48000000 
        100.99000000          -3.43000000 
        104.25500000          -3.38000000 
        107.52000000          -3.31000000 
        110.78000000          -3.21000000 
        114.04000000          -3.15500000 
        117.30000000          -3.16000000 
        120.56000000          -3.12500000 
        123.82000000          -2.94500000 
        127.08000000          -2.73500000 
        130.34500000          -2.66000000 
         -5.00000000          -2.50000000 
        131.98000000          -0.16000000 
         -8.21286073           0.00000000 
        -11.81769457           0.00000000 
        -15.86232344           0.00000000 
        -20.40040308           0.00000000 
        -25.49213492           0.00000000 
        -31.20506495           0.00000000 
        -37.61498052           0.00000000 
        -44.80691516           0.00000000 
        -52.87627557           0.00000000 
        -61.93011129           0.00000000 
        -72.08852703           0.00000000 
        -83.48628358           0.00000000 
        -96.27458260           0.00000000 
       -110.62307216           0.00000000 
       -126.72209848           0.00000000 
       -144.78523223           0.00000000 
       -165.05208902           0.00000000 
       -187.79153413           0.00000000 
       -213.30522169           0.00000000 
       -241.93161718           0.00000000 
       -274.05047508           0.00000000 
       -310.08788397           0.00000000 
       -350.52189876           0.00000000 
       -395.88892379           0.00000000 
       -446.79079412           0.00000000 
       -503.90276360           0.00000000 
       -567.98247394           0.00000000 
       -639.88000000         -64.32166667 
       -639.88000000        -128.64333333 
       -639.88000000        -192.96500000 
       -639.88000000        -257.28666667 
       -639.88000000        -321.60833333 
       -565.84105263        -385.93000000 
       -491.80210526        -385.93000000 
       -417.76315790        -385.93000000 
       -343.72421053        -385.93000000 
       -269.68526316        -385.93000000 
       -195.64631579        -385.93000000 
       -121.60736842        -385.93000000 
        -47.56842105        -385.93000000 
         26.47052631        -385.93000000 
        100.50947368        -385.93000000 
        174.54842105        -385.93000000 
        248.58736842        -385.93000000 
        322.62631579        -385.93000000 
        396.66526316        -385.93000000 
        470.70421053        -385.93000000 
        544.74315789        -385.93000000 
        618.78210526        -385.93000000 
        692.82105263        -385.93000000 
        766.86000000        -321.21833333 
        766.86000000        -256.50666667 
        766.86000000        -191.79500000 
        766.86000000        -127.08333333 
        766.86000000         -62.37166667 
        694.96247394           2.34000000 
        630.88276360           2.34000000 
        573.77079412           2.34000000 
        522.86892379           2.34000000 
        477.50189876           2.34000000 
        437.06788397           2.34000000 
        401.03047508           2.34000000 
        368.91161718           2.34000000 
        340.28522169           2.34000000 
        314.77153413           2.34000000 
        292.03208902           2.34000000 
        271.76523223           2.34000000 
        253.70209848           2.34000000 
        237.60307216           2.34000000 
        223.25458260           2.34000000 
        210.46628358           2.34000000 
        199.06852703           2.34000000 
        188.91011129           2.34000000 
        179.85627557           2.34000000 
        171.78691516           2.34000000 
        164.59498052           2.34000000 
        158.18506495           2.34000000 
        152.47213492           2.34000000 
        147.38040308           2.34000000 
        142.84232344           2.34000000 
        138.79769457           2.34000000 
        135.19286073           2.34000000 
         36.64780046          -6.04028573 
        110.00830127          -4.64662141 
         61.05100046          -5.64029486 
         87.25826666          -5.10594194 
         12.10882342          -6.20449998 
        175.82159536          -4.26833460 
        124.68582710          -4.52480074 
        -41.21094784          -5.88977391 
        -77.78740530          -9.33409641 
        216.86043309          -8.13286927 
       -135.75366536         -14.79264924 
        149.78953132          -1.54241990 
        264.33558241         -13.16441794 
        327.68829785         -18.31867594 
       -199.78375105         -20.68570937 
        -18.09628927          -3.60605177 
        416.88307363         -27.00796041 
       -291.83712973         -29.70645567 
        129.43278741        -321.76454580 
         -5.06834949        -325.97315566 
        549.22682707         -40.52364872 
       -421.95742866         -41.28649637 
        140.79249461          -0.83112105 
        296.12683922        -330.77389181 
       -157.11967774        -321.95287676 
        -28.11630818          -4.23030886 
        161.24099833          -2.65290525 
        433.81787418        -333.93566259 
       -303.80378049        -328.50845281 
        -57.40319343          -7.41456142 
        193.93797092          -6.41714498 
       -103.44882738         -11.75057414 
        584.98746074        -314.48091122 
       -454.68845412        -329.48377672 
       -586.99802966        -163.32178635 
        713.94181846        -158.53686256 
         -9.41131165          -2.45311594 
        133.55684473          -1.52387781 
        659.85482536         -58.24113919 
       -535.11516319         -55.58928772 
       -585.55255369        -287.40811792 
        704.64428274        -283.83786539 
         -6.78834246          -3.75000000 
        137.86583669          -1.04009030 
        138.60985688          -3.71071839 
        142.51392150          -4.08341292 
        139.77619666          -7.11865938 
        131.13115921          -4.51511711 
        128.06601587          -4.32440148 
        133.25177062          -4.20445065 
        135.56989818          -2.90263002 
        135.56906702          -6.31329663 
        136.79320011         -10.41696628 
        141.25405803         -11.47408037 
        137.68341497         -14.99320289 
        132.76052843         -12.95627214 
        133.26965329         -18.68282505 
        118.12069479          -4.62327336 
        121.44246113          -4.56848360 
        114.85096850          -4.60682137 
        132.25753710          -6.80084691 
        -14.34406363          -4.05991132 
        -16.11399857          -6.92249158 
         -2.64223076          -6.86541579 
         -7.12671874          -5.82746501 
        -20.18616165          -7.23893337 
        -17.63944305         -10.36125323 
        -12.71103681          -6.78104094 
         -4.96763319          -6.76928839 
         -4.15521019          -9.19481673 
          5.34437720          -6.73034607 
          2.41610525          -6.43843408 
          8.79138784          -6.27412141 
         -7.08440031          -8.18803129 
         63.73339914        -325.79088273 
         28.84432109        -272.65896838 
        -29.13356521        -270.03153993 
          2.22732561        -224.71922303 
        -46.39904378        -219.94403059 
        -17.41455763        -184.32889166 
         23.17301545        -187.59906466 
          4.70776668        -148.54552124 
         39.24690280        -154.09351065 
        -32.98833683        -148.61550513 
         27.39834338        -125.80070745 
         54.41717964        -128.21080953 
         42.84075260        -102.86759058 
         23.44778153          -6.50089945 
         30.09323238          -6.28721555 
         18.71264331          -6.70181299 
         67.20827000        -106.56804485 
         79.88431724        -127.67799381 
         19.43034641        -101.93696549 
         91.53172569        -104.13826591 
        104.56521964        -127.47257984 
        114.89718486        -106.93045231 
        129.68879926        -127.40754056 
        138.96081189        -103.52124812 
        155.39328848        -127.39861915 
         59.34308739         -84.71282128 
         70.96626700          -5.43269951 
         78.93331792          -5.02432929 
        168.85196938        -104.32109334 
        183.21357830        -128.35283838 
        197.51447450        -103.31398820 
        212.38160705        -128.48174208 
        102.62898570         -86.79808888 
         98.49815240          -4.65798834 
         93.66941858          -4.96352648 
        103.55648765          -4.85814354 
        115.97243501        -153.01434054 
        226.73551297        -102.56672636 
        243.19012349        -128.91857447 
        195.54416608        -155.32536294 
        156.85616683         -81.40865982 
        139.23658538         -20.89802499 
        134.09795543         -25.19472233 
        127.05565606         -21.58621898 
        128.30847835         -29.65197519 
        121.43096338         -26.52811073 
        140.99257844         -28.01798979 
        122.12645891         -34.65906195 
        114.14539841         -30.49729204 
         90.43829109          -5.00628958 
        146.71192147         -22.72386819 
        148.83185246         -30.91902946 
        156.02906497         -24.43199387 
        157.99656301         -34.03109685 
         74.27142934          -4.85957370 
        258.54134748        -100.73790834 
        278.11415240        -127.26952776 
        115.31362648         -40.53520515 
        107.13778693         -36.18898689 
        105.82408431         -27.81375747 
         99.04432428         -32.68132450 
         99.69775222         -43.36989412 
         92.00569760         -37.07854134 
         92.28405774         -29.37631273 
         84.87283736         -31.31961942 
         49.53919318          -5.88534265 
         43.21315968          -5.69290220 
         54.39938127          -5.66011942 
         84.45818539         -40.35061525 
         77.58406855         -35.36607194 
         77.74395749         -27.65618644 
         71.19179279         -30.78697467 
         70.07741241         -38.71411090 
         63.49651039         -32.83808690 
         62.24988744         -41.49114178 
         56.01308285         -35.98065444 
         57.33282707         -28.49527767 
         50.21968741         -30.95612004 
         48.43441963         -38.53381767 
         42.21678549         -32.02691814 
         40.53156337         -40.56377402 
         34.52896730         -34.80387082 
         32.48594680         -43.11427196 
         25.78054213         -36.12289491 
         23.86238431         -45.62674859 
         16.96083593         -39.06757472 
         14.68984119         -48.68215531 
          6.98530320         -40.03130620 
          4.58046246         -51.70673036 
         -2.83524661         -44.19120403 
         -6.45443027         -55.68995728 
        -15.36370166         -46.79666616 
        -18.83867599         -59.59590448 
        -29.72957242         -49.73105230 
        -33.46740853         -64.80897367 
        -45.44793658         -53.34320474 
        -49.33399326         -70.07869879 
         29.00838663         -29.08023989 
         44.83456522         -25.69317035 
         11.02667322         -30.68465357 
         69.30460552         -47.76460622 
         60.56887468         -51.12595165 
        -63.05879729         -57.75036827 
        -67.43159087         -78.23023674 
         72.43786303         -23.90779531 
         77.65781865         -21.23676152 
        -83.61253758         -62.76924217 
        -89.23971243         -84.13868705 
        259.29965782        -159.72949309 
        296.62219402        -160.11332885 
        315.78561423        -124.59997644 
        336.37791317        -159.42380722 
        130.36239950         -37.71502806 
         46.52966225          -5.45641177 
         31.49656937         -52.36622371 
         12.70530958         -60.07214509 
         73.28101245         -18.50009475 
         65.93933013          -5.58412141 
       -107.13632037         -67.73189936 
       -113.25947348         -95.78242441 
       -132.32101852         -75.31531618 
       -141.00017408        -103.70347713 
       -118.84542266        -126.33924151 
       -150.53544937        -135.44911957 
       -175.39524910        -108.11217608 
       -185.54985026        -145.61255506 
       -161.19919496        -173.24391078 
       -213.86964555        -117.66476933 
       -224.77000991        -157.78630090 
       -254.56808355        -128.21533603 
         77.60259729         -15.87658474 
        211.13010309         -77.47132452 
        120.46843573         -20.03364881 
       -266.81040398        -171.13867925 
       -299.96246714        -138.69526857 
        165.96317035         -26.91513328 
        168.54083283         -39.63671570 
        354.13477027        -122.81445870 
        378.94990118        -158.02280939 
         81.92911827         -18.47659981 
         82.05152190         -13.70160819 
         85.75664761         -16.10054975 
        147.95281240         -42.03974062 
        358.23818735        -199.06523419 
       -313.87982977        -186.00634160 
       -350.14050697        -151.95315424 
        -25.36658727         -36.71302066 
         68.32032383         -20.24050583 
         69.70351103         -15.37579143 
         65.14133864         -16.84448582 
        -21.75453951         -76.39912342 
        406.20357294        -197.64878552 
        426.98585156        -152.65507647 
        456.68539395        -193.84841243 
        178.53952357         -29.93890087 
        477.20591909        -148.13588811 
        510.14448326        -188.92324720 
       -231.39660847        -206.97813631 
         58.45487690        -183.68688185 
         68.24733019         -58.20143174 
       -364.52471243        -202.11764317 
       -403.66944050        -165.16524051 
        181.28714346         -42.84016864 
        192.10112112         -33.16390486 
        276.30227653        -194.93636648 
         78.61221100         -11.72872311 
         81.45204967         -10.00244533 
         83.88518092          -5.08851859 
         65.37551139         -12.67314044 
         61.72891820         -14.30048638 
        -56.87375423         -41.20004229 
        -68.46576632        -104.72637330 
         69.12845342         -11.37355689 
        532.53284660        -132.14866166 
        566.20056589        -182.71519903 
         61.20803878         -18.32723562 
         58.04838206         -15.17666568 
         59.21043028         -11.53466975 
         55.35079934         -11.99854832 
         54.46860621         -15.94008306 
         51.88281182         -13.18515699 
         57.74910797          -5.43757497 
         50.78561184         -16.76947529 
         48.40650346         -13.89978127 
        333.52071203         -89.70177022 
        152.35731497         -16.29103956 
        370.66327444         -87.03251406 
       -337.58284169        -102.79762526 
       -241.88971603         -88.85447086 
        590.07121925        -133.99265525 
        170.70814266         -53.45024975 
        442.83971391        -105.60323135 
         49.47993593         -10.38846697 
         46.04486258         -10.91586260 
         44.88963996         -14.31261307 
         42.75561086         -11.64098022 
         41.49673549         -14.77535993 
         39.91480785          -5.95189585 
         39.64541832         -12.14763613 
         38.10124922         -15.18239775 
         35.98875468         -12.37791173 
         34.59644442         -15.67512300 
         33.38015038          -6.22423269 
         32.57263693         -12.54648864 
         31.04440611         -16.10936820 
         28.76781148         -13.23951100 
         27.36782398         -16.64475884 
         25.24075735         -13.87741614 
         23.63115951         -17.17465562 
         21.41241683         -13.80762787 
         19.75569160         -17.72965397 
         17.21074128         -14.53483481 
         15.67248957         -18.33493788 
         12.89559800         -14.39727127 
         11.40213838         -18.84431191 
          8.69427714         -15.38054744 
          7.03186811         -19.56008227 
         18.30105820         -22.77080743 
         36.78498424         -18.71595234 
          3.95148738         -15.52342469 
         -6.60279065         -11.66700321 
          2.08591563         -20.51875002 
         15.05024070         -11.42996474 
         15.26545813          -6.88034558 
         26.58247880         -10.65630616 
         26.89914285          -6.50838139 
        -77.78250763        -256.36350870 
       -418.77000245        -217.41315811 
       -462.10907432        -177.26289425 
          6.46178343         -12.06010949 
         -2.36168263         -12.24491116 
         -5.25357455         -15.91304227 
         -9.94713812         -14.42493273 
         -9.09562421         -19.60931661 
        -14.54790305         -17.71584081 
        -13.62434288         -23.95002591 
        -19.30259191         -21.60664113 
         -6.55224542         -27.53566203 
         29.88801794          -9.99855061 
        -98.40516281         -44.38313595 
         56.14471506         -62.22582296 
         53.39788768         -20.10419345 
         29.45128514         -20.07639242 
         86.66099094         -20.71422389 
         90.14349400         -17.71734749 
         89.02638610         -13.43071880 
         93.19924362         -14.99262254 
         92.86605062         -10.83818380 
         96.20004846         -12.66640592 
         96.95283729         -16.44097054 
        100.04579465         -13.41241286 
        100.82794177         -17.91263815 
        104.00589719         -15.07601707 
        103.46540547         -11.21953471 
        107.30018411         -11.86612828 
        108.05510396         -16.30499843 
        111.20364762         -13.27604328 
        105.76441297          -8.90832703 
         95.81728102          -9.18521448 
         89.60991370          -9.38149532 
        112.41826513         -17.60845856 
        106.65587050          -4.84956456 
         86.88720545         -11.06869887 
        490.91474095        -233.58508985 
        382.22031368        -242.16780808 
        328.79971930        -242.91811988 
        195.99679349         -48.01064841 
        207.72274709         -37.13162868 
        115.20652443         -14.24923635 
        114.05273568         -10.16961530 
        117.76192795         -11.15423109 
         43.59691678         -17.69358034 
         56.89074077          -9.28477329 
         36.08652423         -27.34339291 
       -477.43304316        -233.11409147 
         46.60619173         -46.67191328 
        234.57128974        -193.73928110 
        253.34777353        -233.23046617 
        202.22861693        -238.37733036 
        622.70323844        -182.45485405 
        -91.79195956        -211.47751537 
       -440.23678676        -121.42571278 
       -499.19853836        -138.64566303 
         32.64273176          -9.49124200 
        -12.47583860         -31.28833242 
         77.62355772         -54.05607526 
         77.58148989         -65.60176858 
         86.81776975         -60.75749484 
       -376.49302902        -258.04631613 
         66.37088654          -9.56678726 
         63.80059640         -10.21635009 
          0.37364856         -10.78354893 
       -126.82637227        -246.66617668 
          9.80691372         -11.77628477 
         36.18507320          -9.27558502 
         97.36956734         -20.89668087 
         78.80074806          -8.33569568 
         76.19826414          -9.68046278 
         72.34956808         -12.44824065 
         81.39386422          -7.11029591 
         83.80087111          -8.28160849 
         31.87100429         -84.62888688 
         12.29848920         -85.40369203 
         -1.95445944        -101.08538237 
         59.19402519          -8.80320564 
        351.05954734        -289.58536076 
         92.02337800          -8.34991134 
         68.79485306          -8.58861835 
         93.30123771        -265.89572572 
         41.04802591          -9.25414566 
         43.77515577          -8.81761505 
         78.40503785         -88.74108498 
        349.22706453         -57.95821141 
        317.04422706         -60.13342758 
        132.00502151         -81.11596948 
        141.40301624         -66.74110689 
        124.12242709         -66.39568783 
        202.68418256         -23.27866553 
         18.51947921         -10.91629424 
         21.61933395         -10.54216508 
         52.50417901         -10.02272764 
        116.88401452          -8.05673124 
        120.16110881          -8.31584361 
        121.21419367         -11.56484487 
        123.54355223          -8.60264475 
        124.68592836         -12.10097346 
        126.98462723          -8.87423129 
        110.59687554          -9.73280600 
        112.62489851          -7.12263621 
        174.71254507         -19.10604240 
        592.96292691        -240.28965494 
         19.11986397         -30.56369629 
        103.01565467          -8.26161289 
        100.60658635          -9.83789166 
         76.41131189          -6.99841656 
         74.15775003          -8.37542420 
         47.30243311          -8.68417081 
        183.73960095         -79.63466746 
        150.67749956        -262.40127740 
        187.40529919        -300.77511109 
        160.87578121        -212.98685882 
          5.73978950         -25.04420941 
         66.06220390         -26.22241908 
        290.29387658         -89.69785578 
        272.31149047         -69.50248168 
        -58.45222303        -178.06863568 
        -64.63370920        -139.30770024 
        -95.41052213        -163.86740107 
        218.33543165         -23.22031356 
        224.29159877         -41.42196737 
        236.34844303         -27.81246480 
        244.08523756         -45.48948994 
        239.03890672         -80.68223952 
        653.06503776        -129.12844136 
        -39.58759886         -37.34565875 
        -51.30303028         -25.23000791 
        -38.69966488         -24.02322842 
        -66.54818469         -29.23981656 
        -74.77557537         -44.21957451 
        -82.38229934         -30.57560711 
        -43.51387375         -13.98251228 
        100.50489930          -6.87998772 
        131.22501134         -54.71437184 
        660.53007416        -230.67459277 
        -79.10243786        -324.97742072 
        -34.68437021         -15.26214317 
        -22.52779930         -12.06667525 
        144.17332425          -7.94912504 
         50.87765573          -8.00068645 
        163.33116315         -16.63309820 
         64.14792102          -7.56062198 
        385.64222129         -53.46965901 
        115.47780716         -23.05101655 
          7.96200823          -9.44538794 
        129.33400803          -6.28100288 
       -231.13867687        -325.36165011 
       -203.84874064        -269.01101508 
       -269.96070963        -266.54783844 
         49.09371916         -20.87467333 
        116.38652146         -52.54217552 
        111.32605182         -63.52145105 
        155.12377046          -2.06102328 
        151.75023432          -5.83971805 
         -0.85568393         -34.19066474 
        500.42372265         -36.33285168 
       -373.20541127         -37.15294008 
       -392.53704213         -81.17194442 
         10.56413584          -8.92329947 
        128.32005168         -16.33488461 
        505.53025217        -324.70166819 
         71.51211649          -9.27448803 
         16.44165946          -9.11228122 
         14.13462412          -8.77986605 
        187.86544836         -17.87092168 
        521.74695948         -79.65700884 
          5.48236446          -9.27152601 
       -255.72377612         -27.00372678 
       -267.78307482         -59.50069683 
        -42.71369204        -117.54640253 
       -202.04842470         -79.53332608 
       -233.70228034         -53.10758984 
       -472.65926191         -44.79152694 
        300.26023720         -19.05003339 
       -175.62096566         -19.57301554 
       -186.28774407         -44.02158277 
       -161.33111500         -38.73803842 
       -172.07475332         -64.50991709 
        599.73735974         -44.66616283 
        108.54371095         -21.79043741 
       -122.46054845         -51.06658673 
       -116.03717212         -29.01998793 
        -34.36117807          -4.77595652 
         87.36934956         -75.78908395 
        245.65258532         -12.72799416 
        146.89570947         -11.94721102 
        168.19094784          -3.45855420 
        -30.05462633         -21.14907728 
        -15.61291119        -122.38437546 
         19.83493506          -8.60728717 
         50.87143970        -225.54655556 
         97.75387721        -216.97814124 
         51.90099483         -24.92505575 
         45.02287142         -74.01084226 
        712.35709523         -96.73270666 
       -585.93615931        -225.02621044 
       -527.80960299        -191.70885265 
       -582.45492213         -99.34880286 
         69.29617838          -5.48371812 
         86.34316500          -8.54070088 
         88.63554500          -6.74642835 
        104.78810512         -54.47404740 
        456.37920473         -31.38584587 
       -329.51409824         -31.96887596 
         53.13345732          -7.33933108 
        256.20338493         -28.99006076 
        277.70151497         -27.22687057 
        157.83099681         -11.76892831 
        356.23827001         -26.60010510 
       -226.08765082         -22.64915748 
        -48.48495726          -6.28824274 
        184.38319343          -4.95972589 
        -67.18738043          -8.74283916 
        204.56602256          -6.53606919 
        408.27419760         -83.69415011 
        229.67575797         -11.20227363 
        -90.52426587         -11.24446987 
       -118.51696710         -11.11264226 
       -152.78126400         -17.69628159 
        144.65297050          -0.97869863 
       -530.23460063        -324.18929529 
        658.76879368        -330.99074006 
         93.91092790        -172.80099674 
         91.20770250         -44.59745771 
        105.06414693          -6.54823843 
         60.72280938         -23.56382511 
         28.06911131          -8.45854346 
       -378.82053164        -322.12036270 
         80.59198494          -5.17301561 
       -281.78070718         -97.42101065 
         75.47240551         -12.54383730 
         51.56803104          -6.04983416 
       -176.12902913        -221.35010429 
         22.05767565          -8.23040103 
        -22.85233262          -3.75532907 
        102.04356206         -22.81756205 
         24.17589684          -9.59258813 
         69.72008053        -152.52546841 
        110.12960626          -7.01414597 
        158.42656083         -63.99470211 
        130.58546609          -9.57266841 
        107.64837662          -6.67851032 
        -61.49866876         -16.47941015 
        539.12395258        -271.05599339 
         98.33774631          -8.32744546 
        -95.64448364         -24.24758619 
         75.70279734          -5.09956494 
       -532.90297491        -256.21722704 
       -323.41116760        -235.69914216 
        125.36685361          -6.82002955 
        434.44243670        -238.31353058 
         13.53286882          -6.69373723 
        211.40506874         -54.38749591 
         41.57083423          -5.86800274 
        123.09317300          -4.52633039 
        122.35859438          -6.18945714 
        111.53033378          -4.94650241 
         88.77242055          -4.81973197 
         62.68366019          -5.59661145 
         61.87878436          -7.25239842 
         35.01693926          -6.16709373 
         34.32762586          -8.05281289 
         56.10495486          -5.58588747 
         55.43571018          -7.40454528 
        100.20097954          -4.85655501 
        385.74113144         -20.47954490 
         95.29366025          -4.91662141 
         94.59620148          -6.65608233 
         96.54077858          -6.76312506 
          0.33474639         -26.46084771 
        105.08699314          -4.68974098 
         21.92242156          -6.26708438 
         67.59569553          -5.58203469 
         85.52677685          -5.07475724 
         20.29665064          -6.49412141 
         31.73842207          -6.28803977 
         31.04115341          -7.87882359 
         25.20488364          -6.41822657 
         25.89187416          -8.24929976 
         82.23892245          -5.19194023 
         59.25404194          -5.67656229 
         96.93232051          -4.90162141 
         64.27618227          -5.41927097 
         14.22571492         -26.25808108 
         23.33207765         -26.06529894 
         38.27484656          -6.01541399 
         39.30708770          -7.61992185 
        119.02778718         -15.22530612 
        101.75490655          -4.95422619 
         21.61097949         -71.06672436 
         17.02761444          -6.61266330 
        108.37830127          -4.69662141 
         32.73181578         -65.50425559 
       -308.82699201         -63.25611545 
         97.80530582         -26.48337011 
         92.24647155         -22.61739577 
        474.28176268         -69.91565167 
         28.48198601          -6.34109446 
        -18.69554819         -15.31546250 
        -48.24480335         -93.55850986 
        -25.12401870         -96.53994859 
        396.97461816        -118.30370668 
         82.43014102         -24.09760807 
         10.59512327          -6.73281328 
        119.77618356          -4.64359006 
         44.83278226          -5.60365800 
         45.73994389          -7.30189636 
         91.96219481          -5.02964508 
        116.48208933          -4.62268236 
         72.65213173          -5.21536845 
         72.39487366          -6.96553815 
        -28.12559810         -13.89615378 
        126.30246721          -4.53961066 
        113.22919666          -4.52561085 
        314.87173492        -197.66386558 
         -9.59697730          -6.45820198 
        -10.55564836          -9.85864844 
        118.96365769          -6.34158273 
        -14.27988550         -12.82392705 
         47.92866902          -6.64714405 
        435.67068954         -59.62901885 
        715.26828007        -219.54314259 
         -3.10748825         -21.12277967 
          3.14546481         -11.03718107 
        127.16610668          -6.02343219 
        145.55811699         -54.13984634 
          0.56038958          -6.59683621 
         -1.02348402          -6.41266931 
       -281.09174389        -213.27402755 
         47.21498030         -17.41601657 
         -0.67004673         -16.44884787 
          7.02335453          -6.11789156 
          3.83244407          -6.17908020 
         57.39550109         -19.42315043 
         54.31046090         -44.44999480 
        231.62277015        -273.86130134 
         77.23165935         -44.06762502 
        -89.77171485        -123.02188376 
         77.29121354          -5.04678917 
        146.82108307          -4.58581262 
        142.79758905         -16.60704699 
        171.27986556         -10.70844634 
         42.47481122          -7.36071309 
        -72.41637678         -19.22896698 
        167.23553770        -147.94526265 
         31.73214703         -24.28808928 
        163.10783889          -8.62418852 
        129.52750000          -4.00179704 
         66.89785856          -7.27801367 
        116.51846915         -18.63115118 
         84.16770186         -10.83451978 
         -7.60805652         -68.63568885 
       -139.16738519         -34.59398850 
        567.90148816         -87.60162557 
        140.99618303         -36.41662143 
        158.19717145         -47.88205856 
         92.81059606        -146.69827587 
        130.33892411        -184.68347763 
        134.95151895         -31.39926736 
        142.99916987        -153.27702584 
         64.08900262         -20.88649890 
        223.38805810        -160.07808532 
        195.99565779        -189.95330551 
         87.69889972         -25.62503197 
         61.43739472          -9.28705884 
        104.69524319         -18.78033062 
         65.97371826         -69.84561085 
       -348.33327707         -63.26950023 
       -431.69530956        -272.28092478 
          6.79381716        -119.95059040 
        -31.44988612         -29.28174671 
         33.13505771         -19.55745682 
         38.58061413          -9.79355200 
         39.88292481         -17.68320595 
         40.00723414         -22.14793131 
         84.71883900          -6.68654804 
         52.89670948          -5.36992970 
        230.26737948         -60.44313237 
        269.64270474         -49.13665986 
        294.34897494         -43.34565064 
         22.19181677         -20.84409761 
         39.13573405         -47.82966362 
         43.91841455         -56.90445767 
        136.54365245         -44.62289088 
       -129.46895821        -195.13208909 
        128.58325247         -12.14170728 
          1.46362786          -8.58645262 
         26.00487336         -19.77777077 
        184.14664267         -56.60928615 
        198.39997536         -63.88344708 
         93.95006063         -18.80770024 
         22.84948329         -57.21970878 
         40.86311338          -7.21093584 
         10.59260539         -23.74806698 
       -147.31472464         -57.91319288 
        489.72144035        -107.09208833 
        -25.46499731          -8.40931998 
        178.81252956         -11.38269418 
        281.21893117         -10.95226438 
         98.29746851         -10.92718815 
        125.32627836         -44.13145557 
        -36.45719923         -80.16950087 
       -131.09190947        -158.80635240 
         14.12944818         -22.09706363 
         57.83816273          -7.02624098 
          2.67980393         -61.44735652 
         12.43830327         -10.56906635 
         79.53707613          -6.40781407 
         73.93802085         -10.46449059 
        108.20846010         -45.06186905 
         78.08243897          -6.37883339 
        148.47186130          -8.31425237 
          0.72303585         -13.32785418 
        720.17887891         -42.53310250 
        -31.29840580          -9.30683652 
         18.10726629          -8.39006779 
        614.11676626         -91.83903664 
        -18.76628291         -29.71312842 
        284.42484777        -274.57017173 
         35.90185109          -7.52536598 
          7.35611680          -7.59405556 
        115.68076395          -6.23879024 
         35.32794163         -22.45457838 
         56.33479345         -23.36332866 
         24.35098172          -7.84523114 
         32.62601669          -7.58703019 
        114.57172142          -7.90009371 
        123.46200878         -16.14097947 
       -591.92441682         -45.58182675 
       -533.90700200        -102.54013817 
        315.33058481         -35.72262843 
         83.20753554          -6.47178225 
        135.75569320           0.05056698 
       -116.57949871        -286.98411960 
       -384.83332361        -124.50273544 
        638.26843159        -278.69569225 
         44.98566532         -21.15855280 
       -195.80893855        -180.99420147 
         86.38432956          -6.43221055 
        171.60705661         -66.80936524 
         37.48287886          -7.71168743 
        114.19150981          -6.07879048 
         90.75855212          -6.78422606 
        237.11925763        -325.30674599 
       -157.05052917         -82.96881103 
         -6.89367838          -1.71617662 
        114.17811109         -77.06463570 
         -8.56970236         -37.10547091 
        289.76384735         -63.38693859 
        -52.44074469         -13.87894690 
       -442.25282222         -76.57864396 
         -8.86611097          -4.65854951 
         -5.66114177         -83.19934938 
        102.70158672          -6.30058736 
        111.09237150         -25.57488087 
        120.54040111          -6.01179143 
       -488.22286038        -283.39025133 
         27.16348023         -23.74403377 
        133.69307973           0.60933783 
         47.99750489          -5.22777969 
        460.94987528        -281.53626931 
         54.66297732          -9.20998512 
        361.90621162        -342.93658036 
         44.00717056          -6.95535694 
        404.06604313        -288.07920195 
        123.99641316          -5.92375492 
        539.86933392        -223.31383688 
       -484.74683996         -93.10106599 
         92.83920191          -6.69920240 
        -11.25262987          -4.54873711 
         60.10890157          -7.28096017 
        671.21467476        -184.84941036 
        718.38511923        -340.46762304 
       -592.27764139        -341.01314931 
         23.80617675         -11.69522068 
        130.18787006        -230.73408121 
          6.00423065         -71.63749271 
         45.71559884          -8.92988620 
        -24.36046360         -18.03711662 
        -83.75096619         -18.92614531 
        291.54927041        -228.66379797 
         98.38736882          -6.32272882 
       -337.69258270        -285.51716001 
          4.64616567         -31.28233633 
          9.05375440          -7.79393553 
         70.26818159          -6.97984825 
         40.78627727         -26.80285318 
         56.29723535         -73.14540249 
        162.49469359        -176.56783002 
        108.21497440          -8.88173688 
        117.22624405          -5.97661199 
         61.97884511         -11.67196210 
       -542.82677628        -144.87518227 
       -209.58197020         -43.99947311 
         24.31021760         -30.45803251 
        -16.30163519         -36.94780736 
        -14.26961097          -9.32603007 
         93.82289308          -8.37809646 
         34.53977449         -10.52967263 
        252.04716562         -64.45813370 
        152.32010920         -11.04772181 
        100.37758912         -67.49125273 
         49.02212812          -7.98373462 
        335.77857107         -38.48738634 
         29.44708042          -7.72443775 
         74.52429066          -6.43660406 
         85.39211976         -13.11035927 
         90.38769058         -88.14584621 
         52.15327964         -52.57972369 
         61.90358768         -27.77990219 
        -25.00195207         -26.17834190 
         12.22897979          -7.98388040 
        156.81773961          -6.69662522 
         85.47893759         -49.64387256 
        197.74805275         -14.38296556 
       -156.58861311        -273.88177992 
         94.72797605         -53.38900323 
        133.59315975          -9.21201008 
         -1.11213451          -8.66923582 
        -37.01375513          -9.84344448 
         73.94178804         -15.07686165 
         68.57055343          -6.78244662 
          3.61406394          -8.04050334 
        119.62319970         -91.18369718 
       -177.48936008         -84.20385763 
        -12.53760463          -2.21235287 
         44.47980962         -86.48826028 
        109.12405426          -5.78524997 
        258.37138620         -81.37009165 
        209.02087168         -14.93266824 
         74.73199612         -76.88180538 
         77.24165064           1.03948730 
         78.66310199           0.97070420 
         20.21970722          -0.45025401 
         18.78457385          -0.44230822 
         48.19516223           0.51500685 
         37.79879165           0.01881743 
         39.24000000           0.04698730 
         26.75000000          -0.34301270 
         25.27610563          -0.38915456 
        118.21974395           1.36325304 
         82.17103039           0.92651929 
         80.74690885           0.78554733 
        101.74436554           1.12881641 
         49.71213441           0.46336020 
         54.70627749           0.46152888 
         53.23628552           0.51806067 
          7.24133975          -0.23801270 
          8.72009560          -0.32046252 
          5.76731532          -0.22288297 
        113.23551695           1.38919548 
        111.75297205           1.40488155 
        108.22964853           1.22604105 
          2.25866025          -0.32801270 
         87.25570244           0.96241982 
         88.70073856           0.91714539 
         73.76891695           0.83508948 
        125.73717873           1.79423816 
        127.31069184           1.68334822 
         95.22250000           1.06481141 
         28.32281151          -0.33105405 
         91.73899769           1.01924394 
         42.74784052           0.25992414 
         96.73866025           1.08198730 
         90.27520613           0.91723482 
         64.23566987           0.38448730 
         93.72447255           1.04024542 
         12.22835801          -0.45533986 
        114.74448305           1.38919517 
         10.73693307          -0.40806443 
          3.74080537          -0.32470668 
        119.70811567           1.37431053 
         56.21607960           0.40327730 
         46.25241220           0.44425601 
        109.75043127           1.31714733 
        121.26237075           1.42417212 
         75.25348076           0.92631743 
         62.74204449           0.35667286 
         29.75792393          -0.35605952 
         98.73000000           1.10698730 
         33.25545230          -0.14481366 
         34.74117628          -0.19618615 
         59.23866025           0.35198730 
         70.29269495           0.45819420 
        116.74361265           1.42488763 
        106.81748499           1.25861048 
         31.73815291          -0.29865399 
         61.24029083           0.42514141 
        122.76165064           1.51448730 
        100.24731359           1.11716030 
         51.16219077           0.33937162 
        103.22551746           1.14924595 
         67.26580804           0.34978888 
         65.74290309           0.36177205 
         41.28438751           0.06602421 
         23.26157915          -0.43798735 
        105.25447560           1.05770483 
         13.72835423          -0.53041550 
         85.22965486           0.90701600 
         44.75241360           0.36922810 
         16.76732051          -0.59301270 
         15.74417802          -0.62401849 
        124.31194125           1.59828702 
         57.70835801           0.32966014 
          0.77242376          -0.41097511 
         71.76332376           0.70010659 
         68.73363876           0.47800575 
         83.74890711           0.87330132 
         21.72402636          -0.54789402 
         36.30606237          -0.17874903 
         -0.35373024          -0.52311619 
         79.68317251           0.90262286 
          9.72745202          -0.38338572 
          4.73170429          -0.20562172 
         24.27597364          -0.44789402 
         40.23956922           0.05050235 
        115.74447752           1.39974772 
         17.74987499          -0.58023769 
         14.73267949          -0.57301270 
         76.24755331           0.97084176 
         52.25912717           0.37631845 
         86.23282167           0.93066499 
        104.24266903           1.21989333 
         72.76240958           0.64149240 
        110.71600934           1.35392042 
         30.75433002          -0.27550188 
         97.76651508           1.04767278 
         60.23000000           0.36698730 
         92.72120456           1.03147093 
         43.71253990           0.34267743 
         47.25165064           0.50948730 
        129.30486338           1.34730327 
         -2.38481193          -1.02491029 
         77.26236570          -2.24563640 
         20.10340623          -3.72738797 
         47.89974915          -2.72888615 
         82.39685084          -2.24640500 
          5.43408032          -3.45965790 
        111.67372879          -1.83727857 
         39.82863597          -3.11235521 
         25.14348242          -3.60683777 
        126.20474082          -1.65463583 
         87.06151782          -2.27525099 
        116.17057459          -1.99555158 
         98.29743682          -2.13119941 
        101.66051572          -2.07204635 
         69.38618914          -2.84130912 
         29.90566027          -3.83048694 
         54.44245808          -2.76811828 
         92.13487109          -2.18469529 
        106.86249912          -1.96666920 
         61.03983446          -3.03235495 
          8.81384586          -3.51302764 
          2.03379835          -3.56125532 
         12.11726285          -3.79046226 
         95.27300112          -2.35494327 
         44.66571797          -2.76837859 
         64.18072577          -2.83316438 
         73.69248609          -2.46904620 
         33.28374187          -3.41831396 
        121.34706354          -1.62697440 
         16.75666683          -3.74136659 
         57.78500000          -2.78837859 
         51.02326746          -2.94951668 
         36.64528524          -3.27896951 
         -0.89280283          -3.60327853 
        129.41047010          -1.39308795 
         75.91148065          -2.23927443 
         76.69501171          -1.05063992 
         77.87630743          -1.02187646 
         75.46566951          -1.06305464 
         76.02844431          -0.13862769 
         76.92151171          -0.04282630 
         77.99813906          -0.00856501 
         75.02160147          -0.11663308 
         78.54491519          -2.05987109 
         79.08434167          -0.99013485 
         79.71418450          -1.79216737 
         80.06265584          -0.78376548 
         46.54907592          -2.72278204 
         47.28577733          -1.57153279 
         48.46703381          -1.51346657 
         46.08458057          -1.55924616 
         49.19053630          -2.48350034 
         49.54814784          -1.36907511 
         48.96922341          -0.55871047 
         46.59097102          -0.63985120 
         45.56692366          -0.63838883 
         47.47978983          -0.66956172 
          7.55672923          -3.46738940 
          6.48499142          -2.19645975 
          8.29696067          -2.36708752 
          9.40263000          -2.36470559 
         10.10215119          -3.34522481 
         10.44831857          -2.22456475 
          8.87683145          -1.42439135 
          7.97024978          -1.45685875 
          9.90094714          -1.41078367 
         53.05103639          -2.72201125 
         53.87388027          -1.60934643 
         55.02779255          -1.58821567 
         52.15198069          -1.65670355 
         55.73729006          -2.54701226 
         56.11275523          -1.43704624 
         55.47649470          -0.62085086 
         56.39701091          -0.63050302 
         57.08172427          -1.20888728 
         74.45989443          -0.90773895 
         74.05490082          -0.08677028 
         73.53965522          -0.81047768 
         49.85808772          -0.55785527 
         50.49392936          -1.15257252 
          4.21941037          -3.48935643 
          3.18899858          -2.34605193 
          4.82629323          -2.35263702 
         93.35409703          -2.15411418 
         94.41211697          -0.64277403 
         92.64168910          -1.05074717 
         91.58423238          -1.00658267 
         92.12206074          -0.08155930 
         91.13283336          -0.16969704 
         90.60503011          -0.88328301 
         93.03973032          -0.04936969 
         38.03053845          -3.21742334 
         38.82854130          -2.01590683 
         37.13089251          -2.11176952 
         36.01493060          -2.13128230 
         35.34659811          -3.03942434 
         34.97095282          -1.97437065 
         35.55577766          -1.14519711 
         36.54531099          -1.30747166 
         37.41786766          -1.17392408 
         62.79065137          -2.83966009 
         61.95008841          -1.67064759 
         63.64185648          -1.68505703 
         64.75907475          -1.65317690 
         65.47124727          -2.53527253 
         65.86164955          -1.37171042 
         66.58317858          -2.30104287 
         67.04344084          -1.20602032 
         65.07658545          -0.68571477 
         64.15357181          -0.84040777 
         63.13714135          -0.72321792 
         66.38483502          -0.63198679 
         59.11942017          -2.83018259 
         60.20743368          -1.55623571 
         58.54159853          -1.71253916 
        100.43496093          -2.06869819 
         99.38065101          -0.74413312 
        101.09258889          -0.94191673 
        102.17888383          -0.75737933 
        102.92382771          -1.82112667 
        103.31254604          -0.58013470 
        104.05124771          -1.51633078 
        104.41596263          -0.36219574 
        102.60360922           0.09559179 
        103.73647075           0.09236437 
        105.10828090          -1.26454046 
        105.41475868          -0.28814358 
         97.15552198          -2.16104560 
         96.14161663          -0.94782677 
         97.68779622          -1.10268019 
         18.89530608          -3.73347402 
         19.55362358          -2.60805867 
         20.62051171          -2.51686305 
         19.99874628          -1.59646382 
         20.98780373          -1.54662305 
         21.56920475          -2.33558972 
         19.10995054          -1.69869059 
         17.91027769          -2.60076692 
         31.94763623          -3.45627483 
         32.53850117          -2.33229079 
         30.91969964          -2.31938361 
         67.69171274          -2.07134763 
         68.04281431          -1.08888566 
        101.48379417           0.02158674 
        100.58309490           0.03444233 
         54.40127067          -0.65438056 
         53.32225171          -0.65206774 
         34.63337996          -1.17832443 
         34.03697096          -1.77776059 
         90.25325099          -0.11864428 
         89.63492087          -0.72014556 
         89.99701997          -1.60189320 
         89.04082460          -1.45421307 
         88.78021374          -0.35799676 
         45.07851896          -1.51239213 
         44.63713525          -0.65781892 
         44.13088448          -1.35546073 
         43.46879384          -2.41376720 
         42.99312659          -1.37992382 
         42.37605997          -2.29939116 
         41.96023555          -1.37597242 
         41.32983661          -2.19483029 
         40.89887597          -1.23027711 
         43.40929220          -0.64614737 
         79.49389205          -0.07857845 
         80.35974769           0.10467201 
         80.93065302          -0.55222749 
        128.13401135          -1.39111586 
        126.88689596           0.12661585 
         10.78940450          -1.36644792 
         11.38788769          -1.92369334 
         11.46652131          -1.04834971 
         12.18333954          -1.48832463 
         21.87178983          -1.54493259 
         22.51009257          -2.13205191 
         22.22220479          -3.14294561 
         23.22651152          -2.85899884 
         23.46315047          -1.78771929 
         22.59268675          -1.22195592 
         33.94128698          -0.88638581 
         72.27615308          -2.44750034 
         70.76162539          -2.51696422 
         71.39505162          -1.42068400 
         69.80602663          -1.62285249 
         70.57545882          -0.58762842 
        124.28371410          -1.55739869 
        125.29413662          -0.09955592 
        123.16063799          -1.62630845 
        122.15590356          -0.53316718 
        123.63871293          -0.47448042 
        104.96044041           0.44118201 
         73.18763675          -0.02747089 
         72.67889638          -0.71000638 
         42.50428904          -0.70001446 
        101.01344708           0.63142961 
        113.01468795          -1.83791432 
        112.23994619          -0.64188312 
        113.46160857          -0.67667176 
        111.01904798          -0.79048348 
        112.93574363           0.28930643 
        113.97094439           0.30565357 
        114.50339075          -0.55457575 
        112.10204179           0.40809384 
        114.96597258           0.35822470 
        110.39698268          -1.62918476 
        110.06831792          -0.61314611 
        108.74956207          -1.68401886 
        115.45896225          -0.42198863 
        110.95336927           0.37224293 
        115.13085759          -1.34409143 
        115.93239822           0.42924780 
        116.37216043          -0.31319629 
        116.78007908           0.41688645 
        117.26762582          -0.22426510 
        117.58029011           0.67290096 
        118.16618999          -0.10304485 
        117.81758927          -0.97924995 
        118.80662641          -0.85607892 
        119.16604482           0.14021553 
        119.79186544          -0.65147185 
        120.15563958           0.21442132 
        120.69443836          -0.52183403 
        121.02855992           0.41542693 
        112.47060410           0.95542698 
          0.62994150          -3.41182079 
          1.45784327          -2.37318360 
         -0.22432561          -2.37993316 
         -1.42075210          -2.40857288 
         50.63594646          -0.19272201 
         80.73568848          -1.48100683 
         19.49376838          -1.01540143 
         35.67348825          -0.35560939 
         24.23936130          -2.61272109 
         24.43132202          -1.67234791 
         25.25010856          -2.32803610 
         26.14183155          -2.93159774 
         26.17676298          -1.88890307 
         27.06279768          -2.40309612 
         27.09210116          -1.40805971 
         27.92752929          -1.93224149 
         27.92566156          -2.92098985 
         28.79186642          -2.37958193 
         28.71427259          -1.40363415 
         29.56578576          -1.81931398 
         85.63025772          -2.27124108 
         86.35645155          -1.15787172 
         85.14667331          -0.96574575 
         84.34852997          -1.99373245 
         84.01971947          -0.87603306 
         84.55417200          -0.21066341 
         87.45596917          -1.22060023 
         86.86650224          -0.31762300 
         85.94505064          -0.18656553 
         83.68482011          -0.12070268 
         83.08196080          -0.62650990 
         82.92656623           0.23604461 
         82.26573986          -0.30219992 
         67.01863400          -0.25273503 
         68.11186810          -0.27130229 
         15.48023762          -3.76925907 
         16.06852700          -2.63828967 
         14.95944175          -2.60055645 
         14.20822392          -3.48650900 
         13.90909181          -2.36521343 
         15.51998629          -1.68949103 
         16.48065671          -1.71860195 
         14.54363710          -1.73100198 
         13.68033043          -1.52544380 
         -2.38513739          -3.56914927 
        120.49649639           0.87326793 
         57.24495892          -0.36350355 
         74.53194699           0.42200620 
        119.49029961          -1.84004402 
         -1.13648701          -0.66606559 
        128.17559097           1.50644504 
        128.55102992           0.54389382 
         53.88538186          -0.05921396 
         27.89181430          -1.12387238 
         72.38530183           0.03695085 
         33.16624049          -1.46978630 
        105.71887845           0.47224076 
        106.35068091          -0.06972530 
         22.26966963          -0.55859689 
         51.39350172          -0.86706207 
         12.96079643          -2.01450770 
         41.64923629          -0.51022693 
        118.40811002           0.64650360 
         81.11899702           0.20590989 
        119.15279119           0.92069238 
         89.50718138           0.23568172 
         25.30784550          -1.34808598 
         26.20869396          -0.92324083 
         23.96059968          -1.06464788 
         84.22377124           0.95140791 
         58.24916432           0.29933343 
         58.03452532          -0.29821454 
         58.57193751          -0.17343914 
         29.50185516          -1.00053304 
         30.16770295          -1.31138595 
         12.13113038          -2.42727193 
         83.24205888          -1.57167340 
        127.57284157           0.84049405 
        126.70618469           1.13925034 
        126.05621572           0.42441479 
         69.76006800           0.41203171 
         89.74119913           0.89037461 
         57.10218936           0.19009021 
         36.87532652          -0.58451313 
         34.25695269          -2.72360915 
         81.71111084          -1.18186793 
         -0.59194850          -1.39965867 
          0.40778374          -1.45740879 
         42.29330840          -0.10143395 
         32.28286573          -0.29030090 
         32.02390632          -0.80880313 
         32.65176006          -0.79449564 
         31.29903211          -0.75698894 
         31.67216673          -1.29680716 
         71.83680074          -0.58548209 
         71.22549140           0.00053144 
         57.86753894          -1.04887903 
         28.90358233          -3.44021988 
         63.71354862          -0.08695669 
         70.09611311          -0.10137326 
         69.42090917          -0.16732207 
        123.76928867           1.53900937 
        124.10190946           1.05129790 
        124.72544528           1.14738456 
        123.51878237           0.99531506 
        124.61465408           0.47175384 
         99.72254599           1.07238792 
        100.03225988           0.55945029 
         99.37804413           0.54819855 
         99.75614327          -0.09504297 
         98.96967645          -0.13455138 
         81.33173165           0.81004270 
         81.78788882           0.40838623 
         28.85642069          -0.68557120 
         56.83938412          -2.15732443 
         50.24022399          -2.14133693 
         27.83308694          -0.46552783 
        125.26740333           0.60415026 
        129.95321992          -0.05029859 
        130.67695653           1.17669100 
        105.82109287           1.06558362 
         40.37102455          -2.08495647 
         40.01340860          -1.20565174 
        106.08705901          -1.04989934 
        107.03887093          -0.69630427 
        107.19488805           0.23164074 
        107.88328877          -0.28611532 
        107.94409963           0.62608369 
        108.63241424           0.19045678 
        107.24952413           0.89763923 
         40.98013074          -0.44048453 
         66.24627948           0.37781822 
         87.79832673          -0.18130051 
         88.39016588           0.30633280 
         24.00274256          -3.60163191 
         80.39323674          -2.55342038 
        126.77476913           1.82006524 
         -2.88937666          -2.25680064 
         -3.73709131          -1.19031237 
        109.24478459           1.28820399 
        109.53480388           0.80067303 
        110.32370242           0.77745326 
         87.75264648           0.54401482 
         95.72750000           1.06477894 
         95.47450427           0.54443682 
         94.73559537           0.59210647 
         96.15372636           0.58510350 
         95.10945925          -0.13004457 
         94.39944631           0.06359666 
         62.23683018           0.36515179 
         62.49671429          -0.15206091 
         61.87235226          -0.17318383 
         62.26709841          -0.80795981 
         61.53069892          -0.86273540 
         73.03784158          -1.54090489 
         78.17669873           1.05198725 
         36.79703611          -0.03488895 
         68.74476387          -1.83502009 
         68.87610636          -0.81602378 
        124.85351890           1.69001705 
        125.32464774           1.38987154 
         70.78308692           0.54413082 
         63.27986955           0.37024870 
         80.18584044           0.80854976 
         20.72006348          -0.50028198 
         20.43347820          -0.98355514 
         18.27598076          -0.52801272 
         18.07216098          -1.09415109 
         17.32950983          -1.03282439 
         17.72414088          -1.69916214 
         44.24600626           0.34337073 
         25.77595744          -0.35762404 
         46.75252478           0.46700438 
         47.06755301          -0.04227844 
          8.21968911          -0.27051272 
          8.39112399          -0.83136804 
         53.75164577           0.48458450 
         24.77689473          -0.43343145 
         88.16862222           0.93306199 
         82.68033421           0.88205534 
          4.27077531          -0.31346468 
          4.03817322          -0.85894157 
          3.28443037          -0.79000461 
          3.71958231          -1.43267632 
          2.95611322          -1.44678267 
          4.39597515          -1.50696661 
         34.23918060          -0.22385082 
         35.17928176          -0.15091655 
         38.74000000           0.04698730 
         38.99000000          -0.46927075 
         38.29643014          -0.40146005 
         38.58286268          -1.08411325 
         39.69102898          -0.44609095 
         39.73011964           0.12227974 
         40.39382710          -0.55694607 
          5.26732051          -0.24301270 
          5.48437889          -0.78698067 
          6.22765415          -0.69535120 
          5.89040444          -1.34246173 
          6.69689345          -1.39641310 
         49.21198116           0.47952893 
         50.24436991           0.42068380 
        110.26165064           1.33948729 
        101.24532360           1.12910303 
         48.70903633           0.49523336 
         48.44198990           0.00974750 
         83.20200470           0.87699749 
         91.24165064           0.99948722 
         90.74047142           1.02047774 
        118.74866415           1.33290605 
          6.74133975          -0.22801270 
         12.72501276          -0.54278878 
         12.94775518          -1.19053917 
         72.27296568           0.69534324 
         13.22601709          -0.56599410 
         64.73696677           0.36425780 
        113.73838979           1.38175971 
        113.48049168           0.88416832 
        112.73388312           1.40581513 
         94.25503300           1.04356210 
         94.02004527           0.54618092 
         93.22416444           1.04628125 
        116.24424763           1.41600243 
        102.72566987           1.16948730 
        103.78071547           1.13944586 
         96.21597732           1.14837395 
         96.85503765           0.45843308 
         97.22036655           1.01194188 
         97.52899120           0.44702778 
         98.16551815           0.68374889 
         98.12678797          -0.11421704 
         97.24041231          -0.24569123 
         99.23000000           1.10698730 
         32.77165064          -0.23551270 
         51.70867337           0.36869136 
         51.94547754          -0.19951083 
         52.63547643          -0.15102257 
         50.70398088           0.45447257 
         21.22172622          -0.53559663 
         27.26165838          -0.37392117 
         45.75254127           0.41667469 
         46.02753695          -0.07073906 
         45.25269137           0.38867259 
          2.77498723          -0.32583908 
          2.55953489          -0.87720142 
          1.78924339          -0.83085621 
          2.15712167          -1.54501036 
          1.24686776          -1.55324281 
          3.26004460          -0.23811007 
         67.76904483           0.35564092 
         66.74979322           0.37998455 
        121.76165064           1.46448730 
        121.53755484           0.93390328 
        122.25059126           1.00880421 
        121.87641350           0.33791133 
        122.63257419           0.36643346 
         10.23307554          -0.39705030 
         11.23579388          -0.45060284 
         55.21182280           0.43416955 
         54.94196951          -0.06076214 
          0.25088591          -0.45684003 
          1.27165064          -0.37051270 
         61.73000000           0.36698730 
         60.73000000           0.36698730 
         60.50278036          -0.17996772 
         59.77649978          -0.11654679 
         60.09664010          -0.77734144 
         59.39058244          -0.74903732 
         29.23908943          -0.33020368 
        108.73868888           1.28492435 
         68.29684128           0.34457844 
        115.24452758           1.38974243 
        114.24206424           1.37873339 
         65.23924960           0.35663023 
         85.73056052           0.91188196 
         85.48902659           0.40867027 
        122.25077851           1.56655576 
         75.74993306           0.93849155 
         75.53210389           0.42778581 
         40.77031089           0.09948730 
         37.30379165          -0.04618257 
         22.81475500          -0.57624192 
         23.77165064          -0.47551270 
         17.26934107          -0.49721496 
         16.25798469          -0.63200993 
         71.28080127           0.59631743 
        119.21791420           1.45558179 
          9.22231719          -0.35846457 
         14.23639681          -0.50130584 
         15.23396767          -0.61055304 
         22.95664959          -3.93770636 
        123.27034688           1.54397317 
         89.21130974           0.95048707 
         47.78669867           0.03918643 
         79.18102882           0.95448688 
         78.88002956           0.46197506 
         69.25303754           0.44291524 
         94.73062567           1.13909600 
         73.27394728           0.77158383 
         16.00000000          -1.13478795 
        102.03033033           0.52237288 
         19.27141136          -0.46572721 
         52.75567479           0.43708689 
         86.76688117           0.91649635 
         86.49538476           0.37020958 
        100.74711845           1.14203867 
        111.25081616           1.37219052 
        111.51015400           0.81064384 
         31.25830301          -0.20222896 
        117.25709639           1.37554237 
         76.75221892           0.98860697 
         76.52970392           0.48564196 
         55.71165579           0.41186398 
        104.70040345           1.08404108 
         84.69485159           0.89635783 
         58.74283961           0.34451300 
        107.83435141          -1.27626774 
        118.41363480          -1.88245078 
        114.49951262           0.88373827 
         64.48366171          -0.15490670 
         43.99986135          -0.19923611 
         61.05875481          -1.73556152 
         95.28008522          -1.05678825 
         13.08113848          -3.01035303 
         11.20217580          -2.98215786 
         98.22440665           1.18368179 
         59.74103201           0.43848556 
         11.73729727          -0.42592450 
        126.29410566           1.76625695 
         63.74181761           0.46055586 
         30.27477565          -0.32653591 
         96.33784654          -0.17414037 
         52.39339678          -0.80294422 
         91.49857570           0.46432392 
        108.62550118          -0.73342100 
         55.95527170          -0.07351342 
        117.74719916           1.37776655 
          1.76391086          -0.27087632 
          1.04758605          -0.90172100 
         51.36111939          -0.17803502 
        108.49902599           0.76870029 
         74.26143512           0.87006120 
         43.29723945          -0.04262002 
        102.23102037           1.16276401 
         92.22414032           1.05846794 
         92.47448474           0.53568242 
         41.74526055          -3.23159789 
         33.45648144          -2.34435216 
          6.96017203          -0.76569546 
          7.68021144          -0.72464213 
          7.72824806          -0.17263351 
         87.72693602           1.01837903 
        112.23590738           1.43823832 
          9.44318258          -0.87201994 
         69.85363402          -0.73660856 
         49.44198837          -0.03029074 
         26.24693028          -0.28877551 
          6.24330075          -0.17757945 
         98.76818433           0.52360942 
         27.10761517          -3.48294083 
         14.95271483          -1.13507623 
          2.40117812          -2.41924722 
          5.70248209          -2.28485357 
         17.05350143          -2.40937584 
         57.62304917          -1.78320170 
         30.04113551          -0.78567996 
        120.76163512           1.41479755 
         51.24197642          -1.87840399 
         33.69525739          -0.25689620 
        102.97049432           0.64943160 
         88.33406387          -2.40945591 
         36.12949369          -0.74451966 
         30.94802612          -1.53079655 
        106.48546531           0.73047080 
        126.01766805           1.25794414 
         62.75736721          -1.54530849 
         24.55690683          -0.95050201 
         45.02754556          -0.12091116 
          5.15390237          -1.51933047 
         54.20199609           0.46353905 
         21.23407385          -3.36014344 
         47.74955719           0.57635623 
         90.98929931          -1.86803747 
         52.95850917          -1.48861464 
         21.44309129          -1.05053382 
         68.78206687           0.00180855 
         65.49000000          -0.14114244 
        114.11671588          -1.61288579 
          7.36020921          -2.10896026 
         98.64444560          -1.01109968 
         42.76002287          -3.30195125 
         37.61874439          -0.52736110 
        106.31680864           1.27093298 
         19.74624288          -0.44621127 
        109.85203200           0.18161609 
        115.49947946           0.89705355 
        123.93006061           0.35702476 
         12.43706483          -0.94237355 
         71.79411411           0.24062791 
         32.28755939          -1.48008574 
         48.21889301          -0.64647896 
         38.00274712          -1.75169464 
         81.73924816           1.02253677 
         38.26304436           0.12486893 
        120.39471558          -1.49654993 
        124.51737755          -0.41037229 
        119.77052628           0.79238962 
        104.80064349          -2.39304771 
        107.68714122           1.25384944 
         16.66646776          -1.12175081 
         89.46802771          -2.37936674 
         67.31313860          -3.19638415 
         56.66863977           0.43697291 
         77.68790637           1.13396990 
         77.60459042           0.50091399 
        101.50701051           0.69733350 
         58.66643030          -0.85321495 
         74.74156382          -1.93144601 
         18.76864366          -0.97738250 
        104.18684749           0.61954292 
         79.84078915           0.43165400 
         74.76059472           0.89376694 
         41.81169618           0.18283499 
         87.15590730           0.38236951 
         33.24139835          -0.70479024 
         93.59758870          -0.97348685 
          4.72337704          -0.79511749 
         26.97952213          -0.80204922 
         78.74407750          -0.22278334 
         85.22446505          -0.09547580 
         92.97890877           0.58912283 
         70.64954230          -0.00312948 
        120.20279558           1.34996094 
         78.31673846           0.47603210 
          3.92312660          -2.39884341 
         -1.60057523          -1.48272683 
         54.40867142           0.05433485 
         14.18987047          -0.99763960 
         30.60716143          -0.83571614 
          9.95564496          -0.78186448 
         35.02641953          -0.62609848 
         -3.72890281          -3.66518998 
         10.47356752          -0.84608278 
         90.73649797           0.51457520 
        113.98628055           0.96681065 
         66.01973805          -0.12276611 
        122.92588945           0.96581727 
         40.78695153          -3.01874797 
         45.58557869          -2.54055978 
         83.46141144          -2.63315724 
         73.63672565           0.37343110 
          8.93071016          -0.76134128 
         74.05830294           0.41964888 
         20.96123258          -0.92331812 
         65.00529271          -0.05217518 
        107.84366327          -2.27686705 
         85.98840022           0.49286631 
         34.51658811          -3.72885547 
         28.38011938          -0.86704857 
         83.45802345           0.44014128 
         61.19804828          -0.10893904 
        130.73373801          -1.38467731 
         63.07386366          -0.04706279 
         53.23979360          -0.00789560 
         13.27983360          -4.03606798 
         46.53819959           0.03167834 
         67.50793257          -0.05662836 
         25.09401320          -0.78548530 
         25.53252315          -0.76071814 
         48.95484383           0.07910172 
         44.53259240          -0.05307347 
         56.58379637          -3.19419577 
        108.97388401           0.77774253 
         72.24494868          -1.34091554 
         13.48087718          -0.98065755 
         45.52544776          -0.00493835 
        112.98127030           0.96702998 
         82.36631190           0.43016111 
        115.98385460           1.02619451 
         84.89821326           0.37002168 
        114.99079506           0.98359082 
        103.51629737           0.62860785 
        121.01732340           1.01231356 
         50.04573869          -3.12055281 
        116.49867017           0.98892105 
        116.97194968           0.97582769 
         90.38823011          -2.81127152 
         93.45797888           0.52199306 
         34.51628867          -0.62216914 
         28.78366433          -0.22436579 
         76.01754770           0.53682668 
         10.96527373          -0.84045561 
         15.49016936          -1.03878535 
         88.91792186           0.41033005 
        116.84602991          -1.07446263 
        100.10862736          -0.94252761 
         77.00993512           0.59436478 
         59.15293849          -0.21204931 
         18.62090942          -2.62285367 
        121.41257498          -0.32259571 
        125.27806908           1.84182535 
          0.05132922          -0.93702559 
         59.39043564          -1.54581332 
         23.29755339          -0.96350622 
         43.24352397           0.40899631 
         22.04458565          -4.11015908 
         81.56287791          -0.28439984 
         60.76572602          -0.87013014 
         79.41578242           0.53443207 
         19.96687075          -0.88519793 
         84.18039411           0.45712342 
        111.03286863           0.95078262 
         55.45944290           0.01818142 
        114.95366710          -2.28754623 
        117.97263304           0.99406176 
         10.87112192          -4.02748174 
         18.36768053          -1.78216782 
         27.43312995          -0.81726351 
          0.62162844          -2.21127692 
         31.67278154          -2.17833143 
         39.27940143          -1.18150674 
         29.89869576          -2.71793553 
         93.82115108          -0.08897666 
         82.53954424          -1.18573123 
          0.50600174          -0.83279410 
         90.10266712           0.48784441 
        103.69171691          -2.50483260 
        117.30956571          -1.81834299 
          6.49224871          -3.05705348 
         66.21913442          -3.28305261 
        109.60279100          -2.30608742 
        115.99866760          -1.06518284 
        128.72142874          -0.54499012 
         79.30482342          -2.74291798 
        102.49600870           0.73214640 
         56.59735838          -0.00619660 
         51.97659594          -2.61687140 
        126.10756021          -0.53470063 
         66.49056977          -0.04984271 
         96.86382374          -1.05027595 
        122.84761257          -0.48097604 
        110.52252750          -0.07418533 
        109.28249092          -0.23760201 
        109.45427430          -1.20057669 
         71.17814104          -0.62615828 
         26.22546003          -3.96040931 
         39.53603023          -2.08771602 
          3.15275200          -3.18162572 
         94.39781484          -1.78201776 
         49.97850537           0.02063520 
         28.03821766          -3.93149723 
          7.33354718          -1.29051394 
         38.93566821          -2.94329759 
        105.73322002          -2.05164400 
         44.06163524          -0.72216084 
         70.59498959          -1.25181599 
         37.98373040          -0.98771062 
         68.25676818          -2.88083163 
         61.85497416          -2.62032518 
         21.98025277          -0.98478265 
        100.51874941           0.72781218 
        103.21927073           0.16129911 
        107.24283007           1.35701983 
         60.16885535          -2.51180984 
         17.08299232          -1.60289300 
         65.76656161          -0.59066411 
         99.37102029          -1.72627633 
         96.13567478          -1.84514664 
        127.82012540          -0.24512405 
         92.01165184           0.59923178 
         11.99580421          -0.86233210 
         30.29998205          -1.93976312 
         30.90663750          -3.21959973 
         17.84444357          -3.37130617 
         95.71649302          -0.45154642 
        123.24893869           0.28818901 
        112.01433586           1.00345690 
         75.03044838           0.50452528 
         42.82032804          -0.22208264 
         42.27161426           0.34047164 
         88.29884374          -1.09378026 
         67.58135768          -0.57270424 
         95.75840589           0.07476179 
        125.30958822          -1.17777723 
         73.89807610          -1.52718338 
         81.33237738          -2.22254003 
         77.48988251          -0.41196687 
        122.23292378          -1.43377565 
        111.40586448          -0.02883644 
        102.07980296          -0.04945298 
        127.05454487          -1.04564204 
        109.25512501           0.34257728 
         47.86287350          -1.10026001 
